   0.0000000e+00   9.9988895e-01
   5.0000000e-01   9.9988697e-01
   1.0000000e+00   9.9988490e-01
   1.5000000e+00   9.9988274e-01
   2.0000000e+00   9.9988050e-01
   2.5000000e+00   9.9987815e-01
   3.0000000e+00   9.9987570e-01
   3.5000000e+00   9.9987312e-01
   4.0000000e+00   9.9987042e-01
   4.5000000e+00   9.9986757e-01
   5.0000000e+00   9.9986457e-01
   5.5000000e+00   9.9986139e-01
   6.0000000e+00   9.9985802e-01
   6.5000000e+00   9.9985444e-01
   7.0000000e+00   9.9985061e-01
   7.5000000e+00   9.9984650e-01
   8.0000000e+00   9.9984208e-01
   8.5000000e+00   9.9983729e-01
   9.0000000e+00   9.9983208e-01
   9.5000000e+00   9.9982638e-01
   1.0000000e+01   9.9982010e-01
   1.0500000e+01   9.9981312e-01
   1.1000000e+01   9.9980530e-01
   1.1500000e+01   9.9979643e-01
   1.2000000e+01   9.9978627e-01
   1.2500000e+01   9.9977444e-01
   1.3000000e+01   9.9976044e-01
   1.3500000e+01   9.9974346e-01
   1.4000000e+01   9.9972216e-01
   1.4500000e+01   9.9969382e-01
   1.5000000e+01   9.9965191e-01
   1.5500000e+01   9.9957927e-01
   1.6000000e+01   9.9943091e-01
   1.6500000e+01   9.9909809e-01
   1.7000000e+01   9.9834963e-01
   1.7500000e+01   9.9676971e-01
   1.8000000e+01   9.9375747e-01
   1.8500000e+01   9.8869076e-01
   1.9000000e+01   9.8131237e-01
   1.9500000e+01   9.7221744e-01
   2.0000000e+01   9.6309459e-01
   2.0500000e+01   9.5635122e-01
   2.1000000e+01   9.5411572e-01
   2.1500000e+01   9.5715440e-01
   2.2000000e+01   9.6444767e-01
   2.2500000e+01   9.7374194e-01
   2.3000000e+01   9.8267260e-01
   2.3500000e+01   9.8970103e-01
   2.4000000e+01   9.9438989e-01
   2.4500000e+01   9.9709464e-01
   2.5000000e+01   9.9846565e-01
   2.5500000e+01   9.9908794e-01
   2.6000000e+01   9.9934806e-01
   2.6500000e+01   9.9945240e-01
   2.7000000e+01   9.9949420e-01
   2.7500000e+01   9.9951040e-01
   2.8000000e+01   9.9951443e-01
   2.8500000e+01   9.9951109e-01
   2.9000000e+01   9.9950219e-01
   2.9500000e+01   9.9948844e-01
   3.0000000e+01   9.9947004e-01
   3.0500000e+01   9.9944687e-01
   3.1000000e+01   9.9941856e-01
   3.1500000e+01   9.9938443e-01
   3.2000000e+01   9.9934352e-01
   3.2500000e+01   9.9929442e-01
   3.3000000e+01   9.9923517e-01
   3.3500000e+01   9.9916296e-01
   3.4000000e+01   9.9907366e-01
   3.4500000e+01   9.9896088e-01
   3.5000000e+01   9.9881368e-01
   3.5500000e+01   9.9861092e-01
   3.6000000e+01   9.9830647e-01
   3.6500000e+01   9.9779321e-01
   3.7000000e+01   9.9682596e-01
   3.7500000e+01   9.9488731e-01
   3.8000000e+01   9.9101917e-01
   3.8500000e+01   9.8374005e-01
   3.9000000e+01   9.7128436e-01
   3.9500000e+01   9.5239102e-01
   4.0000000e+01   9.2755563e-01
   4.0500000e+01   9.0008757e-01
   4.1000000e+01   8.7595109e-01
   4.1500000e+01   8.6183074e-01
   4.2000000e+01   8.6213696e-01
   4.2500000e+01   8.7676200e-01
   4.3000000e+01   9.0113851e-01
   4.3500000e+01   9.2855781e-01
   4.4000000e+01   9.5314810e-01
   4.4500000e+01   9.7173191e-01
   4.5000000e+01   9.8391286e-01
   4.5500000e+01   9.9099215e-01
   4.6000000e+01   9.9473048e-01
   4.6500000e+01   9.9658633e-01
   4.7000000e+01   9.9749566e-01
   4.7500000e+01   9.9796129e-01
   4.8000000e+01   9.9822066e-01
   4.8500000e+01   9.9837725e-01
   4.9000000e+01   9.9847538e-01
   4.9500000e+01   9.9853509e-01
   5.0000000e+01   9.9856632e-01
   5.0500000e+01   9.9857442e-01
   5.1000000e+01   9.9856226e-01
   5.1500000e+01   9.9853112e-01
   5.2000000e+01   9.9848102e-01
   5.2500000e+01   9.9841088e-01
   5.3000000e+01   9.9831844e-01
   5.3500000e+01   9.9820003e-01
   5.4000000e+01   9.9805013e-01
   5.4500000e+01   9.9786055e-01
   5.5000000e+01   9.9761888e-01
   5.5500000e+01   9.9730539e-01
   5.6000000e+01   9.9688620e-01
   5.6500000e+01   9.9629670e-01
   5.7000000e+01   9.9540202e-01
   5.7500000e+01   9.9390906e-01
   5.8000000e+01   9.9119663e-01
   5.8500000e+01   9.8605466e-01
   5.9000000e+01   9.7642554e-01
   5.9500000e+01   9.5943084e-01
   6.0000000e+01   9.3212050e-01
   6.0500000e+01   8.9320269e-01
   6.1000000e+01   8.4527501e-01
   6.1500000e+01   7.9610078e-01
   6.2000000e+01   7.5725418e-01
   6.2500000e+01   7.3982913e-01
   6.3000000e+01   7.4925500e-01
   6.3500000e+01   7.8252136e-01
   6.4000000e+01   8.2974882e-01
   6.4500000e+01   8.7898765e-01
   6.5000000e+01   9.2106522e-01
   6.5500000e+01   9.5187197e-01
   6.6000000e+01   9.7173166e-01
   6.6500000e+01   9.8328817e-01
   6.7000000e+01   9.8954428e-01
   6.7500000e+01   9.9282567e-01
   6.8000000e+01   9.9457885e-01
   6.8500000e+01   9.9557714e-01
   6.9000000e+01   9.9619431e-01
   6.9500000e+01   9.9660285e-01
   7.0000000e+01   9.9688357e-01
   7.0500000e+01   9.9707705e-01
   7.1000000e+01   9.9720552e-01
   7.1500000e+01   9.9728197e-01
   7.2000000e+01   9.9731406e-01
   7.2500000e+01   9.9730588e-01
   7.3000000e+01   9.9725886e-01
   7.3500000e+01   9.9717206e-01
   7.4000000e+01   9.9704214e-01
   7.4500000e+01   9.9686300e-01
   7.5000000e+01   9.9662490e-01
   7.5500000e+01   9.9631283e-01
   7.6000000e+01   9.9590341e-01
   7.6500000e+01   9.9535851e-01
   7.7000000e+01   9.9461108e-01
   7.7500000e+01   9.9353289e-01
   7.8000000e+01   9.9186279e-01
   7.8500000e+01   9.8906259e-01
   7.9000000e+01   9.8407345e-01
   7.9500000e+01   9.7501032e-01
   8.0000000e+01   9.5899430e-01
   8.0500000e+01   9.3253273e-01
   8.1000000e+01   8.9288907e-01
   8.1500000e+01   8.4041049e-01
   8.2000000e+01   7.8077770e-01
   8.2500000e+01   7.2530652e-01
   8.3000000e+01   6.8790400e-01
   8.3500000e+01   6.7941271e-01
   8.4000000e+01   7.0243262e-01
   8.4500000e+01   7.5000700e-01
   8.5000000e+01   8.0908236e-01
   8.5500000e+01   8.6638615e-01
   8.6000000e+01   9.1310967e-01
   8.6500000e+01   9.4629789e-01
   8.7000000e+01   9.6738061e-01
   8.7500000e+01   9.7968804e-01
   8.8000000e+01   9.8651945e-01
   8.8500000e+01   9.9028292e-01
   8.9000000e+01   9.9243549e-01
   8.9500000e+01   9.9375378e-01
   9.0000000e+01   9.9462176e-01
   9.0500000e+01   9.9522555e-01
   9.1000000e+01   9.9565868e-01
   9.1500000e+01   9.9597166e-01
   9.2000000e+01   9.9619391e-01
   9.2500000e+01   9.9634343e-01
   9.3000000e+01   9.9643125e-01
   9.3500000e+01   9.9646365e-01
   9.4000000e+01   9.9644327e-01
   9.4500000e+01   9.9636951e-01
   9.5000000e+01   9.9623854e-01
   9.5500000e+01   9.9604267e-01
   9.6000000e+01   9.9576917e-01
   9.6500000e+01   9.9539780e-01
   9.7000000e+01   9.9489601e-01
   9.7500000e+01   9.9420866e-01
   9.8000000e+01   9.9323509e-01
   9.8500000e+01   9.9177776e-01
   9.9000000e+01   9.8943411e-01
   9.9500000e+01   9.8539681e-01
   1.0000000e+02   9.7815804e-01
   1.0050000e+02   9.6522734e-01
   1.0100000e+02   9.4317980e-01
   1.0150000e+02   9.0851732e-01
   1.0200000e+02   8.5963846e-01
   1.0250000e+02   7.9942162e-01
   1.0300000e+02   7.3683719e-01
   1.0350000e+02   6.8566147e-01
   1.0400000e+02   6.5973694e-01
   1.0450000e+02   6.6682484e-01
   1.0500000e+02   7.0477547e-01
   1.0550000e+02   7.6260501e-01
   1.0600000e+02   8.2573906e-01
   1.0650000e+02   8.8199168e-01
   1.0700000e+02   9.2497113e-01
   1.0750000e+02   9.5397327e-01
   1.0800000e+02   9.7171114e-01
   1.0850000e+02   9.8184426e-01
   1.0900000e+02   9.8746386e-01
   1.0950000e+02   9.9062964e-01
   1.1000000e+02   9.9251551e-01
   1.1050000e+02   9.9372563e-01
   1.1100000e+02   9.9455605e-01
   1.1150000e+02   9.9515300e-01
   1.1200000e+02   9.9559296e-01
   1.1250000e+02   9.9591925e-01
   1.1300000e+02   9.9615808e-01
   1.1350000e+02   9.9632598e-01
   1.1400000e+02   9.9643322e-01
   1.1450000e+02   9.9648571e-01
   1.1500000e+02   9.9648584e-01
   1.1550000e+02   9.9643281e-01
   1.1600000e+02   9.9632247e-01
   1.1650000e+02   9.9614660e-01
   1.1700000e+02   9.9589132e-01
   1.1750000e+02   9.9553395e-01
   1.1800000e+02   9.9503627e-01
   1.1850000e+02   9.9432930e-01
   1.1900000e+02   9.9327798e-01
   1.1950000e+02   9.9160235e-01
   1.2000000e+02   9.8871975e-01
   1.2050000e+02   9.8348141e-01
   1.2100000e+02   9.7385278e-01
   1.2150000e+02   9.5676596e-01
   1.2200000e+02   9.2859071e-01
   1.2250000e+02   8.8666875e-01
   1.2300000e+02   8.3179788e-01
   1.2350000e+02   7.7046963e-01
   1.2400000e+02   7.1487189e-01
   1.2450000e+02   6.7935289e-01
   1.2500000e+02   6.7440352e-01
   1.2550000e+02   7.0156303e-01
   1.2600000e+02   7.5263275e-01
   1.2650000e+02   8.1374758e-01
   1.2700000e+02   8.7153899e-01
   1.2750000e+02   9.1765950e-01
   1.2800000e+02   9.4978514e-01
   1.2850000e+02   9.6982806e-01
   1.2900000e+02   9.8134463e-01
   1.2950000e+02   9.8766180e-01
   1.3000000e+02   9.9112405e-01
   1.3050000e+02   9.9311163e-01
   1.3100000e+02   9.9434388e-01
   1.3150000e+02   9.9517038e-01
   1.3200000e+02   9.9575901e-01
   1.3250000e+02   9.9619410e-01
   1.3300000e+02   9.9652161e-01
   1.3350000e+02   9.9676876e-01
   1.3400000e+02   9.9695264e-01
   1.3450000e+02   9.9708415e-01
   1.3500000e+02   9.9717012e-01
   1.3550000e+02   9.9721424e-01
   1.3600000e+02   9.9721764e-01
   1.3650000e+02   9.9717892e-01
   1.3700000e+02   9.9709385e-01
   1.3750000e+02   9.9695450e-01
   1.3800000e+02   9.9674739e-01
   1.3850000e+02   9.9644959e-01
   1.3900000e+02   9.9601957e-01
   1.3950000e+02   9.9537549e-01
   1.4000000e+02   9.9434437e-01
   1.4050000e+02   9.9255396e-01
   1.4100000e+02   9.8923688e-01
   1.4150000e+02   9.8295839e-01
   1.4200000e+02   9.7140646e-01
   1.4250000e+02   9.5157833e-01
   1.4300000e+02   9.2079030e-01
   1.4350000e+02   8.7861911e-01
   1.4400000e+02   8.2903330e-01
   1.4450000e+02   7.8109833e-01
   1.4500000e+02   7.4679333e-01
   1.4550000e+02   7.3621488e-01
   1.4600000e+02   7.5271154e-01
   1.4650000e+02   7.9114896e-01
   1.4700000e+02   8.4053270e-01
   1.4750000e+02   8.8915880e-01
   1.4800000e+02   9.2900065e-01
   1.4850000e+02   9.5720612e-01
   1.4900000e+02   9.7491489e-01
   1.4950000e+02   9.8503893e-01
   1.5000000e+02   9.9049083e-01
   1.5050000e+02   9.9338544e-01
   1.5100000e+02   9.9498291e-01
   1.5150000e+02   9.9593802e-01
   1.5200000e+02   9.9656313e-01
   1.5250000e+02   9.9700322e-01
   1.5300000e+02   9.9732801e-01
   1.5350000e+02   9.9757406e-01
   1.5400000e+02   9.9776242e-01
   1.5450000e+02   9.9790618e-01
   1.5500000e+02   9.9801377e-01
   1.5550000e+02   9.9809059e-01
   1.5600000e+02   9.9813987e-01
   1.5650000e+02   9.9816308e-01
   1.5700000e+02   9.9816011e-01
   1.5750000e+02   9.9812910e-01
   1.5800000e+02   9.9806603e-01
   1.5850000e+02   9.9796374e-01
   1.5900000e+02   9.9780962e-01
   1.5950000e+02   9.9758008e-01
   1.6000000e+02   9.9722627e-01
   1.6050000e+02   9.9663829e-01
   1.6100000e+02   9.9556351e-01
   1.6150000e+02   9.9344765e-01
   1.6200000e+02   9.8919337e-01
   1.6250000e+02   9.8093262e-01
   1.6300000e+02   9.6609025e-01
   1.6350000e+02   9.4214194e-01
   1.6400000e+02   9.0825408e-01
   1.6450000e+02   8.6725853e-01
   1.6500000e+02   8.2654498e-01
   1.6550000e+02   7.9642496e-01
   1.6600000e+02   7.8599322e-01
   1.6650000e+02   7.9866024e-01
   1.6700000e+02   8.3033897e-01
   1.6750000e+02   8.7159684e-01
   1.6800000e+02   9.1223054e-01
   1.6850000e+02   9.4524700e-01
   1.6900000e+02   9.6823706e-01
   1.6950000e+02   9.8230260e-01
   1.7000000e+02   9.9005040e-01
   1.7050000e+02   9.9401856e-01
   1.7100000e+02   9.9599930e-01
   1.7150000e+02   9.9702408e-01
   1.7200000e+02   9.9760535e-01
   1.7250000e+02   9.9797398e-01
   1.7300000e+02   9.9823006e-01
   1.7350000e+02   9.9841848e-01
   1.7400000e+02   9.9856150e-01
   1.7450000e+02   9.9867152e-01
   1.7500000e+02   9.9875616e-01
   1.7550000e+02   9.9882028e-01
   1.7600000e+02   9.9886702e-01
   1.7650000e+02   9.9889828e-01
   1.7700000e+02   9.9891494e-01
   1.7750000e+02   9.9891700e-01
   1.7800000e+02   9.9890345e-01
   1.7850000e+02   9.9887208e-01
   1.7900000e+02   9.9881884e-01
   1.7950000e+02   9.9873639e-01
   1.8000000e+02   9.9861018e-01
   1.8050000e+02   9.9840766e-01
   1.8100000e+02   9.9804968e-01
   1.8150000e+02   9.9734274e-01
   1.8200000e+02   9.9584342e-01
   1.8250000e+02   9.9264763e-01
   1.8300000e+02   9.8618589e-01
   1.8350000e+02   9.7426658e-01
   1.8400000e+02   9.5472349e-01
   1.8450000e+02   9.2683499e-01
   1.8500000e+02   8.9303087e-01
   1.8550000e+02   8.5963649e-01
   1.8600000e+02   8.3539971e-01
   1.8650000e+02   8.2787264e-01
   1.8700000e+02   8.3960680e-01
   1.8750000e+02   8.6675770e-01
   1.8800000e+02   9.0113150e-01
   1.8850000e+02   9.3419426e-01
   1.8900000e+02   9.6038353e-01
   1.8950000e+02   9.7807643e-01
   1.9000000e+02   9.8850095e-01
   1.9050000e+02   9.9397313e-01
   1.9100000e+02   9.9660809e-01
   1.9150000e+02   9.9782791e-01
   1.9200000e+02   9.9841062e-01
   1.9250000e+02   9.9872056e-01
   1.9300000e+02   9.9891044e-01
   1.9350000e+02   9.9904099e-01
   1.9400000e+02   9.9913719e-01
   1.9450000e+02   9.9921056e-01
   1.9500000e+02   9.9926733e-01
   1.9550000e+02   9.9931126e-01
   1.9600000e+02   9.9934476e-01
   1.9650000e+02   9.9936938e-01
   1.9700000e+02   9.9938602e-01
   1.9750000e+02   9.9939511e-01
   1.9800000e+02   9.9939655e-01
   1.9850000e+02   9.9938974e-01
   1.9900000e+02   9.9937339e-01
   1.9950000e+02   9.9934506e-01
   2.0000000e+02   9.9930013e-01
   2.0050000e+02   9.9922872e-01
   2.0100000e+02   9.9910756e-01
   2.0150000e+02   9.9887947e-01
   2.0200000e+02   9.9840929e-01
   2.0250000e+02   9.9740775e-01
   2.0300000e+02   9.9533942e-01
   2.0350000e+02   9.9138787e-01
   2.0400000e+02   9.8461349e-01
   2.0450000e+02   9.7441849e-01
   2.0500000e+02   9.6123595e-01
   2.0550000e+02   9.4703987e-01
   2.0600000e+02   9.3512291e-01
   2.0650000e+02   9.2892481e-01
   2.0700000e+02   9.3042422e-01
   2.0750000e+02   9.3911262e-01
   2.0800000e+02   9.5227341e-01
   2.0850000e+02   9.6635915e-01
   2.0900000e+02   9.7852011e-01
   2.0950000e+02   9.8740723e-01
   2.1000000e+02   9.9305270e-01
   2.1050000e+02   9.9623819e-01
   2.1100000e+02   9.9787604e-01
   2.1150000e+02   9.9867289e-01
   2.1200000e+02   9.9906113e-01
   2.1250000e+02   9.9926404e-01
   2.1300000e+02   9.9938349e-01
   2.1350000e+02   9.9946264e-01
   2.1400000e+02   9.9951967e-01
   2.1450000e+02   9.9956278e-01
   2.1500000e+02   9.9959620e-01
   2.1550000e+02   9.9962241e-01
   2.1600000e+02   9.9964295e-01
   2.1650000e+02   9.9965882e-01
   2.1700000e+02   9.9967069e-01
   2.1750000e+02   9.9967891e-01
   2.1800000e+02   9.9968363e-01
   2.1850000e+02   9.9968477e-01
   2.1900000e+02   9.9968197e-01
   2.1950000e+02   9.9967447e-01
   2.2000000e+02   9.9966078e-01
   2.2050000e+02   9.9963763e-01
   2.2100000e+02   9.9959679e-01
   2.2150000e+02   9.9951606e-01
   2.2200000e+02   9.9933623e-01
   2.2250000e+02   9.9891247e-01
   2.2300000e+02   9.9793392e-01
   2.2350000e+02   9.9583693e-01
   2.2400000e+02   9.9180013e-01
   2.2450000e+02   9.8496306e-01
   2.2500000e+02   9.7495232e-01
   2.2550000e+02   9.6255455e-01
   2.2600000e+02   9.5006085e-01
   2.2650000e+02   9.4076829e-01
   2.2700000e+02   9.3761634e-01
   2.2750000e+02   9.4169030e-01
   2.2800000e+02   9.5162078e-01
   2.2850000e+02   9.6432783e-01
   2.2900000e+02   9.7656228e-01
   2.2950000e+02   9.8620134e-01
   2.3000000e+02   9.9263559e-01
   2.3050000e+02   9.9634892e-01
   2.3100000e+02   9.9823378e-01
   2.3150000e+02   9.9909407e-01
   2.3200000e+02   9.9946082e-01
   2.3250000e+02   9.9961725e-01
   2.3300000e+02   9.9969100e-01
   2.3350000e+02   9.9973249e-01
   2.3400000e+02   9.9976002e-01
   2.3450000e+02   9.9978024e-01
   2.3500000e+02   9.9979585e-01
   2.3550000e+02   9.9980815e-01
   2.3600000e+02   9.9981793e-01
   2.3650000e+02   9.9982567e-01
   2.3700000e+02   9.9983169e-01
   2.3750000e+02   9.9983618e-01
   2.3800000e+02   9.9983926e-01
   2.3850000e+02   9.9984091e-01
   2.3900000e+02   9.9984104e-01
   2.3950000e+02   9.9983938e-01
   2.4000000e+02   9.9983532e-01
   2.4050000e+02   9.9982717e-01
   2.4100000e+02   9.9980962e-01
   2.4150000e+02   9.9976565e-01
   2.4200000e+02   9.9964453e-01
   2.4250000e+02   9.9931234e-01
   2.4300000e+02   9.9846540e-01
   2.4350000e+02   9.9652830e-01
   2.4400000e+02   9.9262735e-01
   2.4450000e+02   9.8579789e-01
   2.4500000e+02   9.7553675e-01
   2.4550000e+02   9.6255163e-01
   2.4600000e+02   9.4919725e-01
   2.4650000e+02   9.3900543e-01
   2.4700000e+02   9.3523082e-01
   2.4750000e+02   9.3918333e-01
   2.4800000e+02   9.4949891e-01
   2.4850000e+02   9.6289611e-01
   2.4900000e+02   9.7585215e-01
   2.4950000e+02   9.8604434e-01
   2.5000000e+02   9.9279877e-01
   2.5050000e+02   9.9663975e-01
   2.5100000e+02   9.9853814e-01
   2.5150000e+02   9.9936434e-01
   2.5200000e+02   9.9968761e-01
   2.5250000e+02   9.9980636e-01
   2.5300000e+02   9.9985123e-01
   2.5350000e+02   9.9987130e-01
   2.5400000e+02   9.9988284e-01
   2.5450000e+02   9.9989087e-01
   2.5500000e+02   9.9989700e-01
   2.5550000e+02   9.9990183e-01
   2.5600000e+02   9.9990566e-01
   2.5650000e+02   9.9990864e-01
   2.5700000e+02   9.9991088e-01
   2.5750000e+02   9.9991249e-01
   2.5800000e+02   9.9991355e-01
   2.5850000e+02   9.9991417e-01
   2.5900000e+02   9.9991440e-01
   2.5950000e+02   9.9991420e-01
   2.6000000e+02   9.9991333e-01
   2.6050000e+02   9.9991132e-01
   2.6100000e+02   9.9990711e-01
   2.6150000e+02   9.9989821e-01
   2.6200000e+02   9.9987852e-01
   2.6250000e+02   9.9983392e-01
   2.6300000e+02   9.9973542e-01
   2.6350000e+02   9.9953270e-01
   2.6400000e+02   9.9915576e-01
   2.6450000e+02   9.9853627e-01
   2.6500000e+02   9.9765339e-01
   2.6550000e+02   9.9658781e-01
   2.6600000e+02   9.9554357e-01
   2.6650000e+02   9.9479841e-01
   2.6700000e+02   9.9458725e-01
   2.6750000e+02   9.9498276e-01
   2.6800000e+02   9.9585526e-01
   2.6850000e+02   9.9694175e-01
   2.6900000e+02   9.9797429e-01
   2.6950000e+02   9.9878280e-01
   2.7000000e+02   9.9932211e-01
   2.7050000e+02   9.9963507e-01
   2.7100000e+02   9.9979623e-01
   2.7150000e+02   9.9987193e-01
   2.7200000e+02   9.9990593e-01
   2.7250000e+02   9.9992168e-01
   2.7300000e+02   9.9992992e-01
   2.7350000e+02   9.9993500e-01
   2.7400000e+02   9.9993858e-01
   2.7450000e+02   9.9994132e-01
   2.7500000e+02   9.9994351e-01
   2.7550000e+02   9.9994529e-01
   2.7600000e+02   9.9994676e-01
   2.7650000e+02   9.9994797e-01
   2.7700000e+02   9.9994898e-01
   2.7750000e+02   9.9994979e-01
   2.7800000e+02   9.9995042e-01
   2.7850000e+02   9.9995087e-01
   2.7900000e+02   9.9995112e-01
   2.7950000e+02   9.9995112e-01
   2.8000000e+02   9.9995075e-01
   2.8050000e+02   9.9994959e-01
   2.8100000e+02   9.9994638e-01
   2.8150000e+02   9.9993733e-01
   2.8200000e+02   9.9991248e-01
   2.8250000e+02   9.9984920e-01
   2.8300000e+02   9.9970445e-01
   2.8350000e+02   9.9941257e-01
   2.8400000e+02   9.9890039e-01
   2.8450000e+02   9.9812833e-01
   2.8500000e+02   9.9714704e-01
   2.8550000e+02   9.9613139e-01
   2.8600000e+02   9.9534712e-01
   2.8650000e+02   9.9504260e-01
   2.8700000e+02   9.9532251e-01
   2.8750000e+02   9.9609002e-01
   2.8800000e+02   9.9710065e-01
   2.8850000e+02   9.9808735e-01
   2.8900000e+02   9.9887060e-01
   2.8950000e+02   9.9939486e-01
   2.9000000e+02   9.9969664e-01
   2.9050000e+02   9.9984824e-01
   2.9100000e+02   9.9991579e-01
   2.9150000e+02   9.9994325e-01
   2.9200000e+02   9.9995401e-01
   2.9250000e+02   9.9995852e-01
   2.9300000e+02   9.9996080e-01
   2.9350000e+02   9.9996225e-01
   2.9400000e+02   9.9996333e-01
   2.9450000e+02   9.9996420e-01
   2.9500000e+02   9.9996492e-01
   2.9550000e+02   9.9996553e-01
   2.9600000e+02   9.9996606e-01
   2.9650000e+02   9.9996651e-01
   2.9700000e+02   9.9996690e-01
   2.9750000e+02   9.9996724e-01
   2.9800000e+02   9.9996751e-01
   2.9850000e+02   9.9996773e-01
   2.9900000e+02   9.9996788e-01
   2.9950000e+02   9.9996794e-01
   3.0000000e+02   9.9996786e-01
   3.0050000e+02   9.9996747e-01
   3.0100000e+02   9.9996639e-01
   3.0150000e+02   9.9996362e-01
   3.0200000e+02   9.9995697e-01
   3.0250000e+02   9.9994236e-01
   3.0300000e+02   9.9991359e-01
   3.0350000e+02   9.9986371e-01
   3.0400000e+02   9.9978879e-01
   3.0450000e+02   9.9969317e-01
   3.0500000e+02   9.9959284e-01
   3.0550000e+02   9.9951282e-01
   3.0600000e+02   9.9947749e-01
   3.0650000e+02   9.9949857e-01
   3.0700000e+02   9.9956891e-01
   3.0750000e+02   9.9966638e-01
   3.0800000e+02   9.9976518e-01
   3.0850000e+02   9.9984660e-01
   3.0900000e+02   9.9990345e-01
   3.0950000e+02   9.9993791e-01
   3.1000000e+02   9.9995642e-01
   3.1050000e+02   9.9996548e-01
   3.1100000e+02   9.9996969e-01
   3.1150000e+02   9.9997170e-01
   3.1200000e+02   9.9997277e-01
   3.1250000e+02   9.9997344e-01
   3.1300000e+02   9.9997394e-01
   3.1350000e+02   9.9997433e-01
   3.1400000e+02   9.9997467e-01
   3.1450000e+02   9.9997496e-01
   3.1500000e+02   9.9997523e-01
   3.1550000e+02   9.9997546e-01
   3.1600000e+02   9.9997568e-01
   3.1650000e+02   9.9997587e-01
   3.1700000e+02   9.9997605e-01
   3.1750000e+02   9.9997621e-01
   3.1800000e+02   9.9997636e-01
   3.1850000e+02   9.9997648e-01
   3.1900000e+02   9.9997654e-01
   3.1950000e+02   9.9997646e-01
   3.2000000e+02   9.9997583e-01
   3.2050000e+02   9.9997350e-01
   3.2100000e+02   9.9996623e-01
   3.2150000e+02   9.9994657e-01
   3.2200000e+02   9.9990017e-01
   3.2250000e+02   9.9980494e-01
   3.2300000e+02   9.9963615e-01
   3.2350000e+02   9.9938028e-01
   3.2400000e+02   9.9905424e-01
   3.2450000e+02   9.9871693e-01
   3.2500000e+02   9.9845774e-01
   3.2550000e+02   9.9835979e-01
   3.2600000e+02   9.9845720e-01
   3.2650000e+02   9.9871610e-01
   3.2700000e+02   9.9905349e-01
   3.2750000e+02   9.9937993e-01
   3.2800000e+02   9.9963639e-01
   3.2850000e+02   9.9980580e-01
   3.2900000e+02   9.9990157e-01
   3.2950000e+02   9.9994843e-01
   3.3000000e+02   9.9996847e-01
   3.3050000e+02   9.9997606e-01
   3.3100000e+02   9.9997869e-01
   3.3150000e+02   9.9997960e-01
   3.3200000e+02   9.9997997e-01
   3.3250000e+02   9.9998019e-01
   3.3300000e+02   9.9998036e-01
   3.3350000e+02   9.9998051e-01
   3.3400000e+02   9.9998065e-01
   3.3450000e+02   9.9998078e-01
   3.3500000e+02   9.9998090e-01
   3.3550000e+02   9.9998102e-01
   3.3600000e+02   9.9998113e-01
   3.3650000e+02   9.9998124e-01
   3.3700000e+02   9.9998134e-01
   3.3750000e+02   9.9998144e-01
   3.3800000e+02   9.9998153e-01
   3.3850000e+02   9.9998161e-01
   3.3900000e+02   9.9998168e-01
   3.3950000e+02   9.9998172e-01
   3.4000000e+02   9.9998170e-01
   3.4050000e+02   9.9998154e-01
   3.4100000e+02   9.9998109e-01
   3.4150000e+02   9.9998015e-01
   3.4200000e+02   9.9997845e-01
   3.4250000e+02   9.9997580e-01
   3.4300000e+02   9.9997231e-01
   3.4350000e+02   9.9996846e-01
   3.4400000e+02   9.9996516e-01
   3.4450000e+02   9.9996335e-01
   3.4500000e+02   9.9996365e-01
   3.4550000e+02   9.9996598e-01
   3.4600000e+02   9.9996963e-01
   3.4650000e+02   9.9997363e-01
   3.4700000e+02   9.9997716e-01
   3.4750000e+02   9.9997980e-01
   3.4800000e+02   9.9998152e-01
   3.4850000e+02   9.9998253e-01
   3.4900000e+02   9.9998309e-01
   3.4950000e+02   9.9998340e-01
   3.5000000e+02   9.9998359e-01
   3.5050000e+02   9.9998373e-01
   3.5100000e+02   9.9998384e-01
   3.5150000e+02   9.9998394e-01
   3.5200000e+02   9.9998403e-01
   3.5250000e+02   9.9998412e-01
   3.5300000e+02   9.9998420e-01
   3.5350000e+02   9.9998428e-01
   3.5400000e+02   9.9998436e-01
   3.5450000e+02   9.9998444e-01
   3.5500000e+02   9.9998452e-01
   3.5550000e+02   9.9998459e-01
   3.5600000e+02   9.9998467e-01
   3.5650000e+02   9.9998474e-01
   3.5700000e+02   9.9998481e-01
   3.5750000e+02   9.9998488e-01
   3.5800000e+02   9.9998494e-01
   3.5850000e+02   9.9998500e-01
   3.5900000e+02   9.9998504e-01
   3.5950000e+02   9.9998505e-01
   3.6000000e+02   9.9998500e-01
   3.6050000e+02   9.9998483e-01
   3.6100000e+02   9.9998448e-01
   3.6150000e+02   9.9998393e-01
   3.6200000e+02   9.9998318e-01
   3.6250000e+02   9.9998237e-01
   3.6300000e+02   9.9998169e-01
   3.6350000e+02   9.9998136e-01
   3.6400000e+02   9.9998150e-01
   3.6450000e+02   9.9998209e-01
   3.6500000e+02   9.9998297e-01
   3.6550000e+02   9.9998390e-01
   3.6600000e+02   9.9998472e-01
   3.6650000e+02   9.9998533e-01
   3.6700000e+02   9.9998575e-01
   3.6750000e+02   9.9998601e-01
   3.6800000e+02   9.9998617e-01
   3.6850000e+02   9.9998628e-01
   3.6900000e+02   9.9998636e-01
   3.6950000e+02   9.9998643e-01
   3.7000000e+02   9.9998650e-01
   3.7050000e+02   9.9998656e-01
   3.7100000e+02   9.9998662e-01
   3.7150000e+02   9.9998668e-01
   3.7200000e+02   9.9998674e-01
   3.7250000e+02   9.9998680e-01
   3.7300000e+02   9.9998686e-01
   3.7350000e+02   9.9998691e-01
   3.7400000e+02   9.9998697e-01
   3.7450000e+02   9.9998702e-01
   3.7500000e+02   9.9998708e-01
   3.7550000e+02   9.9998713e-01
   3.7600000e+02   9.9998719e-01
   3.7650000e+02   9.9998723e-01
   3.7700000e+02   9.9998726e-01
   3.7750000e+02   9.9998723e-01
   3.7800000e+02   9.9998701e-01
   3.7850000e+02   9.9998633e-01
   3.7900000e+02   9.9998464e-01
   3.7950000e+02   9.9998112e-01
   3.8000000e+02   9.9997483e-01
   3.8050000e+02   9.9996525e-01
   3.8100000e+02   9.9995303e-01
   3.8150000e+02   9.9994037e-01
   3.8200000e+02   9.9993066e-01
   3.8250000e+02   9.9992703e-01
   3.8300000e+02   9.9993076e-01
   3.8350000e+02   9.9994058e-01
   3.8400000e+02   9.9995333e-01
   3.8450000e+02   9.9996565e-01
   3.8500000e+02   9.9997533e-01
   3.8550000e+02   9.9998172e-01
   3.8600000e+02   9.9998534e-01
   3.8650000e+02   9.9998712e-01
   3.8700000e+02   9.9998790e-01
   3.8750000e+02   9.9998822e-01
   3.8800000e+02   9.9998835e-01
   3.8850000e+02   9.9998843e-01
   3.8900000e+02   9.9998848e-01
   3.8950000e+02   9.9998853e-01
   3.9000000e+02   9.9998857e-01
   3.9050000e+02   9.9998862e-01
   3.9100000e+02   9.9998866e-01
   3.9150000e+02   9.9998871e-01
   3.9200000e+02   9.9998875e-01
   3.9250000e+02   9.9998879e-01
   3.9300000e+02   9.9998884e-01
   3.9350000e+02   9.9998888e-01
   3.9400000e+02   9.9998892e-01
   3.9450000e+02   9.9998897e-01
   3.9500000e+02   9.9998901e-01
   3.9550000e+02   9.9998905e-01
   3.9600000e+02   9.9998908e-01
   3.9650000e+02   9.9998908e-01
   3.9700000e+02   9.9998902e-01
   3.9750000e+02   9.9998883e-01
   3.9800000e+02   9.9998839e-01
   3.9850000e+02   9.9998757e-01
   3.9900000e+02   9.9998631e-01
   3.9950000e+02   9.9998469e-01
   4.0000000e+02   9.9998301e-01
   4.0050000e+02   9.9998173e-01
   4.0100000e+02   9.9998127e-01
   4.0150000e+02   9.9998181e-01
   4.0200000e+02   9.9998317e-01
   4.0250000e+02   9.9998493e-01
   4.0300000e+02   9.9998662e-01
   4.0350000e+02   9.9998796e-01
   4.0400000e+02   9.9998886e-01
   4.0450000e+02   9.9998938e-01
   4.0500000e+02   9.9998965e-01
   4.0550000e+02   9.9998979e-01
   4.0600000e+02   9.9998987e-01
   4.0650000e+02   9.9998991e-01
   4.0700000e+02   9.9998996e-01
   4.0750000e+02   9.9998999e-01
   4.0800000e+02   9.9999003e-01
   4.0850000e+02   9.9999007e-01
   4.0900000e+02   9.9999010e-01
   4.0950000e+02   9.9999014e-01
   4.1000000e+02   9.9999017e-01
   4.1050000e+02   9.9999021e-01
   4.1100000e+02   9.9999024e-01
   4.1150000e+02   9.9999028e-01
   4.1200000e+02   9.9999031e-01
   4.1250000e+02   9.9999035e-01
   4.1300000e+02   9.9999038e-01
   4.1350000e+02   9.9999042e-01
   4.1400000e+02   9.9999045e-01
   4.1450000e+02   9.9999048e-01
   4.1500000e+02   9.9999052e-01
   4.1550000e+02   9.9999055e-01
   4.1600000e+02   9.9999058e-01
   4.1650000e+02   9.9999061e-01
   4.1700000e+02   9.9999064e-01
   4.1750000e+02   9.9999067e-01
   4.1800000e+02   9.9999070e-01
   4.1850000e+02   9.9999073e-01
   4.1900000e+02   9.9999075e-01
   4.1950000e+02   9.9999079e-01
   4.2000000e+02   9.9999082e-01
   4.2050000e+02   9.9999086e-01
   4.2100000e+02   9.9999089e-01
   4.2150000e+02   9.9999093e-01
   4.2200000e+02   9.9999097e-01
   4.2250000e+02   9.9999100e-01
   4.2300000e+02   9.9999103e-01
   4.2350000e+02   9.9999106e-01
   4.2400000e+02   9.9999109e-01
   4.2450000e+02   9.9999112e-01
   4.2500000e+02   9.9999116e-01
   4.2550000e+02   9.9999119e-01
   4.2600000e+02   9.9999122e-01
   4.2650000e+02   9.9999124e-01
   4.2700000e+02   9.9999127e-01
   4.2750000e+02   9.9999130e-01
   4.2800000e+02   9.9999133e-01
   4.2850000e+02   9.9999136e-01
   4.2900000e+02   9.9999139e-01
   4.2950000e+02   9.9999142e-01
   4.3000000e+02   9.9999145e-01
   4.3050000e+02   9.9999148e-01
   4.3100000e+02   9.9999151e-01
   4.3150000e+02   9.9999153e-01
   4.3200000e+02   9.9999156e-01
   4.3250000e+02   9.9999159e-01
   4.3300000e+02   9.9999162e-01
   4.3350000e+02   9.9999165e-01
   4.3400000e+02   9.9999167e-01
   4.3450000e+02   9.9999170e-01
   4.3500000e+02   9.9999173e-01
   4.3550000e+02   9.9999175e-01
   4.3600000e+02   9.9999178e-01
   4.3650000e+02   9.9999180e-01
   4.3700000e+02   9.9999183e-01
   4.3750000e+02   9.9999186e-01
   4.3800000e+02   9.9999188e-01
   4.3850000e+02   9.9999191e-01
   4.3900000e+02   9.9999194e-01
   4.3950000e+02   9.9999196e-01
   4.4000000e+02   9.9999199e-01
   4.4050000e+02   9.9999202e-01
   4.4100000e+02   9.9999204e-01
   4.4150000e+02   9.9999207e-01
   4.4200000e+02   9.9999210e-01
   4.4250000e+02   9.9999212e-01
   4.4300000e+02   9.9999215e-01
   4.4350000e+02   9.9999217e-01
   4.4400000e+02   9.9999220e-01
   4.4450000e+02   9.9999222e-01
   4.4500000e+02   9.9999225e-01
   4.4550000e+02   9.9999227e-01
   4.4600000e+02   9.9999229e-01
   4.4650000e+02   9.9999232e-01
   4.4700000e+02   9.9999234e-01
   4.4750000e+02   9.9999237e-01
   4.4800000e+02   9.9999239e-01
   4.4850000e+02   9.9999241e-01
   4.4900000e+02   9.9999244e-01
   4.4950000e+02   9.9999246e-01
   4.5000000e+02   9.9999249e-01
   4.5050000e+02   9.9999251e-01
   4.5100000e+02   9.9999253e-01
   4.5150000e+02   9.9999256e-01
   4.5200000e+02   9.9999258e-01
   4.5250000e+02   9.9999260e-01
   4.5300000e+02   9.9999262e-01
   4.5350000e+02   9.9999265e-01
   4.5400000e+02   9.9999267e-01
   4.5450000e+02   9.9999269e-01
   4.5500000e+02   9.9999271e-01
   4.5550000e+02   9.9999274e-01
   4.5600000e+02   9.9999276e-01
   4.5650000e+02   9.9999278e-01
   4.5700000e+02   9.9999280e-01
   4.5750000e+02   9.9999282e-01
   4.5800000e+02   9.9999285e-01
   4.5850000e+02   9.9999287e-01
   4.5900000e+02   9.9999289e-01
   4.5950000e+02   9.9999291e-01
   4.6000000e+02   9.9999293e-01
   4.6050000e+02   9.9999295e-01
   4.6100000e+02   9.9999297e-01
   4.6150000e+02   9.9999300e-01
   4.6200000e+02   9.9999302e-01
   4.6250000e+02   9.9999304e-01
   4.6300000e+02   9.9999306e-01
   4.6350000e+02   9.9999308e-01
   4.6400000e+02   9.9999310e-01
   4.6450000e+02   9.9999312e-01
   4.6500000e+02   9.9999314e-01
   4.6550000e+02   9.9999316e-01
   4.6600000e+02   9.9999318e-01
   4.6650000e+02   9.9999320e-01
   4.6700000e+02   9.9999322e-01
   4.6750000e+02   9.9999324e-01
   4.6800000e+02   9.9999326e-01
   4.6850000e+02   9.9999328e-01
   4.6900000e+02   9.9999330e-01
   4.6950000e+02   9.9999332e-01
   4.7000000e+02   9.9999334e-01
   4.7050000e+02   9.9999336e-01
   4.7100000e+02   9.9999338e-01
   4.7150000e+02   9.9999340e-01
   4.7200000e+02   9.9999342e-01
   4.7250000e+02   9.9999344e-01
   4.7300000e+02   9.9999346e-01
   4.7350000e+02   9.9999347e-01
   4.7400000e+02   9.9999349e-01
   4.7450000e+02   9.9999351e-01
   4.7500000e+02   9.9999353e-01
   4.7550000e+02   9.9999355e-01
   4.7600000e+02   9.9999357e-01
   4.7650000e+02   9.9999359e-01
   4.7700000e+02   9.9999360e-01
   4.7750000e+02   9.9999362e-01
   4.7800000e+02   9.9999364e-01
   4.7850000e+02   9.9999366e-01
   4.7900000e+02   9.9999368e-01
   4.7950000e+02   9.9999370e-01
   4.8000000e+02   9.9999371e-01
   4.8050000e+02   9.9999373e-01
   4.8100000e+02   9.9999375e-01
   4.8150000e+02   9.9999377e-01
   4.8200000e+02   9.9999378e-01
   4.8250000e+02   9.9999380e-01
   4.8300000e+02   9.9999382e-01
   4.8350000e+02   9.9999384e-01
   4.8400000e+02   9.9999385e-01
   4.8450000e+02   9.9999387e-01
   4.8500000e+02   9.9999389e-01
   4.8550000e+02   9.9999390e-01
   4.8600000e+02   9.9999392e-01
   4.8650000e+02   9.9999394e-01
   4.8700000e+02   9.9999396e-01
   4.8750000e+02   9.9999397e-01
   4.8800000e+02   9.9999399e-01
   4.8850000e+02   9.9999401e-01
   4.8900000e+02   9.9999402e-01
   4.8950000e+02   9.9999404e-01
   4.9000000e+02   9.9999405e-01
   4.9050000e+02   9.9999407e-01
   4.9100000e+02   9.9999409e-01
   4.9150000e+02   9.9999410e-01
   4.9200000e+02   9.9999412e-01
   4.9250000e+02   9.9999414e-01
   4.9300000e+02   9.9999415e-01
   4.9350000e+02   9.9999417e-01
   4.9400000e+02   9.9999418e-01
   4.9450000e+02   9.9999420e-01
   4.9500000e+02   9.9999422e-01
   4.9550000e+02   9.9999423e-01
   4.9600000e+02   9.9999425e-01
   4.9650000e+02   9.9999426e-01
   4.9700000e+02   9.9999428e-01
   4.9750000e+02   9.9999429e-01
   4.9800000e+02   9.9999431e-01
   4.9850000e+02   9.9999432e-01
   4.9900000e+02   9.9999434e-01
   4.9950000e+02   9.9999435e-01
   5.0000000e+02   9.9999437e-01
