0	0
334240000000	27011000000000
646840000000	26392000000000
955010000000	60373000000000
1254500000000	111670000000000
1558200000000	173330000000000
1862000000000	238450000000000
2161400000000	303590000000000
2460800000000	372180000000000
2760200000000	447680000000000
3050900000000	533590000000000
3337200000000	629880000000000
3623600000000	729630000000000
3909900000000	829380000000000
4187500000000	942980000000000
4456400000000	1067000000000000
4725300000000	1194400000000000
4998500000000	1318400000000000
5263000000000	1449400000000000
5527600000000	1583700000000000
5787700000000	1721600000000000
6047900000000	1859400000000000
6303700000000	2004200000000000
6546500000000	2159400000000000.2
6789300000000	2314600000000000
7027700000000	2473200000000000
7261800000000	2635400000000000
7491500000000	2800900000000000
7712600000000	2973500000000000
7924900000000	3152900000000000
8137200000000	3335800000000000
8345100000000	3522200000000000
8539999999999.999	3715600000000000
8730600000000.001	3912400000000000
8908200000000	4116100000000000.5
9085700000000	4319800000000000
9258900000000	4530500000000000
9423300000000	4744700000000000
9583500000000	4955300000000000
9735000000000	5173000000000000
9886400000000	5390600000000000
10033600000000	5608300000000000
10167600000000	5832800000000000
10293000000000	6060900000000000
10418300000000	6288900000000000
10530700000000	6520500000000000
10634400000000	6755500000000000
10738000000000	6990500000000000
10841700000000	7225500000000000
10941000000000	7460600000000000
11027200000000	7702500000000000
11096200000000	7944600000000000
11156400000000	8186600000000000
11225300000000	8428599999999999
11298500000000	8670600000000000
11358700000000	8912599999999999
11406000000000	9158100000000000
11453200000000	9403600000000000
11504700000000	9649100000000000
11551900000000	9894600000000000
11586100000000	10140200000000000
11624500000000	10389200000000000
11667400000000	10634700000000000
11710200000000	10880200000000000
11740100000000	11129200000000000
11765500000000	11378200000000000
11786700000000	11623800000000000
11803500000000	11872800000000000
11807200000000	12118400000000000
11828300000000	12367400000000000
11910300000000	12609400000000000
12231500000000	12619100000000000
12539700000000	12649700000000000
12852300000000	12666300000000000
13164900000000	12662300000000000
13477500000000	12661700000000000
13790100000000	12664500000000000
14102700000000	12653500000000000
14411100000000	12628700000000000
14719400000000	12590000000000000
15027700000000	12544400000000000
15336100000000	12495400000000000
15640200000000	12436000000000000
15939900000000	12373100000000000
16235199999999.998	12296400000000000
16509100000000	12178300000000000
16570400000000	11932500000000000
16579699999999.998	11683500000000000
16580300000000.002	11434400000000000
16589500000000.002	11188800000000000
16607500000000.002	10939700000000000
16642700000000.002	10694000000000000
16682400000000.002	10448300000000000
16730699999999.998	10202600000000000
16800700000000	9960300000000000
16875100000000	9721500000000000
16945100000000	9479200000000000
17019500000000	9230000000000000
17085200000000	8970499999999999
17133700000000.002	8652100000000001
17164500000000	8479100000000001
17208500000000	8229900000000001
17248200000000	7984200000000000
17274800000000	7735100000000000
17301400000000.002	7486000000000000
17367000000000	7250700000000000
17510800000000	7049800000000000
17741300000000	6893600000000000
18015100000000	6761600000000000
18288900000000	6629600000000000
18545400000000	6494200000000000
18801900000000	6348400000000000
19049700000000	6195700000000000
19293200000000	6036100000000000
19532300000000	5876500000000000
19771600000000	5716900000000000
20006400000000	5553900000000000
20232500000000	5383900000000000
20454300000000	5207100000000000
20667500000000	5023300000000000
20872000000000	4832600000000000
21076500000000	4642000000000000
21272400000000	4444400000000000
21459500000000	4243400000000000.5
21638000000000	4038999999999999.5
21803400000000	3824200000000000
21955900000000	3609400000000000
22091000000000	3387800000000000
22204400000000	3159200000000000
22313500000000	2927200000000000
22422600000000	2691800000000000
22575000000000	2480500000000000
22697300000000	2165500000000000.2
22835600000000	2441900000000000
22930500000000	2680400000000000
23029900000000	2908500000000000
23107500000000	3143600000000000
23167700000000	3385600000000000
23245300000000	3624200000000000
23331600000000	3862700000000000
23417900000000	4101200000000000.5
23504100000000	4339699999999999.5
23577400000000	4581700000000000
23642000000000	4823700000000000
23710900000000	5065700000000000
23779800000000	5307700000000000
23844400000000	5549700000000000
23917600000000	5791700000000000
23990800000000	6037200000000000
24055400000000	6279200000000000
24115600000000	6524700000000000
24180200000000	6766700000000000
24236100000000	7008800000000000
24287600000000	7254300000000000
24343400000000	7496300000000000
24399400000000	7741800000000000
24450900000000	7987300000000000
24498100000000	8232799999999999
24519200000000	8481800000000000
24570800000000	8723800000000001
24626600000000	8969300000000000
24673800000000	9214900000000000
24716700000000	9460400000000000
24755200000000	9705900000000000
24780600000000	9951400000000000
24810500000000	10200400000000000
24840300000000	10446000000000000
24865800000000	10691500000000000
24886900000000	10940600000000000
24903700000000	11189600000000000
24911800000000	11438600000000000
24928600000000	11687700000000000
24978800000000	12497000000000000
25082600000000	12666300000000000
25186300000000	12897900000000000
25316000000000	13119000000000000
25450100000000	13343600000000000
25584200000000	13568200000000000
25718200000000	13796200000000000
25856600000000	14017300000000000
25986400000000	14238500000000000
26090000000000	14476900000000000
26180700000000	14725800000000000
26332100000000	14929600000000000
26574200000000	15358100000000000
26576400000000	14455200000000000
26608200000000	13815200000000000
26626100000000	13566100000000000
26639800000000	13317000000000000
26644700000000	13067900000000000
26654000000000	12818900000000000
26671900000000	12569800000000000
26689800000000	12320700000000000
26707700000000	12075000000000000
26725700000000	11825900000000000
26743600000000	11576800000000000
26770300000000	11327700000000000
26792600000000	11078600000000000
26819100000000	10829500000000000
26850100000000	10583800000000000
26876800000000	10334700000000000
26899000000000	10089100000000000
26917000000000	9840000000000000
26943600000000	9590900000000000
26996300000000	9345200000000000
27031600000000	9099500000000000
27066900000000	8853800000000000
27102100000000	8608100000000000
27141800000000	8362500000000001
27190200000000	8116800000000000
27247200000000	7871000000000000
27299800000000	7625300000000000
27348100000000	7379600000000000
27387800000000	7133900000000000
27436100000000	6888300000000000
27493100000000	6646000000000000
27558800000000	6403700000000000
27624500000000	6161400000000000
27681500000000	5915700000000000
27747200000000	5673500000000000
27821500000000	5434600000000000
27895900000000	5192300000000000
27974600000000	4950000000000000
28066300000000	4714600000000000
28149400000000	4479199999999999.5
28228100000000	4236900000000000.5
28311100000000	3994600000000000
28389800000000	3752300000000000
28464200000000	3510000000000000
28538500000000	3267700000000000
28599900000000	3028900000000000
28656900000000	2783200000000000
28718200000000	2537500000000000
28775300000000	2295200000000000
28823600000000	2049500000000000
28863300000000	1803900000000000
28889800000000	1558200000000000
28920800000000	1309100000000000
28977800000000	1063399999999999.9
29047900000000	821070000000000
29100500000000	564980000000000
29157600000000	312350000000000
29188500000000	97813000000000
29188900000000	0
30000000000000	0
