   0.0000000e+00   1.8257419e+00   0.0000000e+00   2.4299666e+00   8.6602540e-01
   1.0000000e-03   1.8257413e+00   1.4049628e-03   3.1000000e+03   7.1176263e+02
   2.0000000e-03   1.8257397e+00   2.8099246e-03   3.1000000e+03   7.1176312e+02
   3.0000000e-03   1.8257370e+00   4.2148845e-03   3.1000000e+03   7.1176410e+02
   4.0000000e-03   1.8257332e+00   5.6198414e-03   3.1000000e+03   7.1176558e+02
   5.0000000e-03   1.8257283e+00   7.0247945e-03   3.1000000e+03   7.1176754e+02
   6.0000000e-03   1.8257224e+00   8.4297427e-03   3.1000000e+03   7.1177000e+02
   7.0000000e-03   1.8257154e+00   9.8346851e-03   3.1000000e+03   7.1177295e+02
   8.0000000e-03   1.8257073e+00   1.1239621e-02   3.1000000e+03   7.1177639e+02
   9.0000000e-03   1.8256981e+00   1.2644549e-02   3.1000000e+03   7.1178033e+02
   1.0000000e-02   1.8256878e+00   1.4049468e-02   3.1000000e+03   7.1178475e+02
   1.1000000e-02   1.8256764e+00   1.5454377e-02   3.1000000e+03   7.1178967e+02
   1.2000000e-02   1.8256640e+00   1.6859276e-02   3.1000000e+03   7.1179508e+02
   1.3000000e-02   1.8256505e+00   1.8264163e-02   3.1000000e+03   7.1180098e+02
   1.4000000e-02   1.8256359e+00   1.9669037e-02   3.1000000e+03   7.1180738e+02
   1.5000000e-02   1.8256202e+00   2.1073898e-02   3.1000000e+03   7.1181426e+02
   1.6000000e-02   1.8256035e+00   2.2478744e-02   3.1000000e+03   7.1182164e+02
   1.7000000e-02   1.8255856e+00   2.3883575e-02   3.1000000e+03   7.1182951e+02
   1.8000000e-02   1.8255667e+00   2.5288390e-02   3.1000000e+03   7.1183787e+02
   1.9000000e-02   1.8255467e+00   2.6693186e-02   3.1000000e+03   7.1184673e+02
   2.0000000e-02   1.8255256e+00   2.8097965e-02   3.1000000e+03   7.1185607e+02
   2.1000000e-02   1.8255035e+00   2.9502724e-02   3.1000000e+03   7.1186591e+02
   2.2000000e-02   1.8254802e+00   3.0907462e-02   3.1000000e+03   7.1187624e+02
   2.3000000e-02   1.8254559e+00   3.2312179e-02   3.1000000e+03   7.1188706e+02
   2.4000000e-02   1.8254305e+00   3.3716874e-02   3.1000000e+03   7.1189838e+02
   2.5000000e-02   1.8254040e+00   3.5121546e-02   3.1000000e+03   7.1191019e+02
   2.6000000e-02   1.8253764e+00   3.6526193e-02   3.1000000e+03   7.1192249e+02
   2.7000000e-02   1.8253478e+00   3.7930815e-02   3.1000000e+03   7.1193528e+02
   2.8000000e-02   1.8253181e+00   3.9335411e-02   3.1000000e+03   7.1194857e+02
   2.9000000e-02   1.8252873e+00   4.0739980e-02   3.1000000e+03   7.1196234e+02
   3.0000000e-02   1.8252554e+00   4.2144520e-02   3.1000000e+03   7.1197662e+02
   3.1000000e-02   1.8252224e+00   4.3549032e-02   3.1000000e+03   7.1199138e+02
   3.2000000e-02   1.8251884e+00   4.4953513e-02   3.1000000e+03   7.1200664e+02
   3.3000000e-02   1.8251532e+00   4.6357963e-02   3.1000000e+03   7.1202239e+02
   3.4000000e-02   1.8251170e+00   4.7762381e-02   3.1000000e+03   7.1203863e+02
   3.5000000e-02   1.8250797e+00   4.9166766e-02   3.1000000e+03   7.1205537e+02
   3.6000000e-02   1.8250413e+00   5.0571118e-02   3.1000000e+03   7.1207260e+02
   3.7000000e-02   1.8250019e+00   5.1975434e-02   3.1000000e+03   7.1209032e+02
   3.8000000e-02   1.8249614e+00   5.3379714e-02   3.1000000e+03   7.1210854e+02
   3.9000000e-02   1.8249197e+00   5.4783958e-02   3.1000000e+03   7.1212725e+02
   4.0000000e-02   1.8248770e+00   5.6188163e-02   3.1000000e+03   7.1214645e+02
   4.1000000e-02   1.8248333e+00   5.7592330e-02   3.1000000e+03   7.1216615e+02
   4.2000000e-02   1.8247884e+00   5.8996457e-02   3.1000000e+03   7.1218634e+02
   4.3000000e-02   1.8247425e+00   6.0400543e-02   3.1000000e+03   7.1220703e+02
   4.4000000e-02   1.8246955e+00   6.1804587e-02   3.1000000e+03   7.1222821e+02
   4.5000000e-02   1.8246474e+00   6.3208589e-02   3.1000000e+03   7.1224989e+02
   4.6000000e-02   1.8245982e+00   6.4612547e-02   3.1000000e+03   7.1227206e+02
   4.7000000e-02   1.8245479e+00   6.6016460e-02   3.1000000e+03   7.1229472e+02
   4.8000000e-02   1.8244966e+00   6.7420328e-02   3.1000000e+03   7.1231788e+02
   4.9000000e-02   1.8244442e+00   6.8824149e-02   3.1000000e+03   7.1234153e+02
   5.0000000e-02   1.8243907e+00   7.0227922e-02   3.1000000e+03   7.1236568e+02
   5.1000000e-02   1.8243361e+00   7.1631647e-02   3.1000000e+03   7.1239032e+02
   5.2000000e-02   1.8242805e+00   7.3035322e-02   3.1000000e+03   7.1241546e+02
   5.3000000e-02   1.8242237e+00   7.4438947e-02   3.1000000e+03   7.1244109e+02
   5.4000000e-02   1.8241659e+00   7.5842520e-02   3.1000000e+03   7.1246722e+02
   5.5000000e-02   1.8241070e+00   7.7246041e-02   3.1000000e+03   7.1249385e+02
   5.6000000e-02   1.8240470e+00   7.8649509e-02   3.1000000e+03   7.1252097e+02
   5.7000000e-02   1.8239860e+00   8.0052922e-02   3.1000000e+03   7.1254859e+02
   5.8000000e-02   1.8239238e+00   8.1456279e-02   3.1000000e+03   7.1257670e+02
   5.9000000e-02   1.8238606e+00   8.2859581e-02   3.1000000e+03   7.1260531e+02
   6.0000000e-02   1.8237963e+00   8.4262825e-02   3.1000000e+03   7.1263441e+02
   6.1000000e-02   1.8237310e+00   8.5666011e-02   3.1000000e+03   7.1266401e+02
   6.2000000e-02   1.8236645e+00   8.7069137e-02   3.1000000e+03   7.1269411e+02
   6.3000000e-02   1.8235970e+00   8.8472203e-02   3.1000000e+03   7.1272471e+02
   6.4000000e-02   1.8235284e+00   8.9875209e-02   3.1000000e+03   7.1275580e+02
   6.5000000e-02   1.8234587e+00   9.1278151e-02   3.1000000e+03   7.1278739e+02
   6.6000000e-02   1.8233879e+00   9.2681031e-02   3.1000000e+03   7.1281948e+02
   6.7000000e-02   1.8233161e+00   9.4083847e-02   3.1000000e+03   7.1285206e+02
   6.8000000e-02   1.8232432e+00   9.5486597e-02   3.1000000e+03   7.1288514e+02
   6.9000000e-02   1.8231692e+00   9.6889282e-02   3.1000000e+03   7.1291873e+02
   7.0000000e-02   1.8230941e+00   9.8291899e-02   3.1000000e+03   7.1295280e+02
   7.1000000e-02   1.8230179e+00   9.9694448e-02   3.1000000e+03   7.1298738e+02
   7.2000000e-02   1.8229407e+00   1.0109693e-01   3.1000000e+03   7.1302246e+02
   7.3000000e-02   1.8228624e+00   1.0249934e-01   3.1000000e+03   7.1305803e+02
   7.4000000e-02   1.8227830e+00   1.0390168e-01   3.1000000e+03   7.1309410e+02
   7.5000000e-02   1.8227025e+00   1.0530395e-01   3.1000000e+03   7.1313067e+02
   7.6000000e-02   1.8226210e+00   1.0670614e-01   3.1000000e+03   7.1316775e+02
   7.7000000e-02   1.8225383e+00   1.0810826e-01   3.1000000e+03   7.1320532e+02
   7.8000000e-02   1.8224546e+00   1.0951031e-01   3.1000000e+03   7.1324339e+02
   7.9000000e-02   1.8223698e+00   1.1091228e-01   3.1000000e+03   7.1328196e+02
   8.0000000e-02   1.8222840e+00   1.1231417e-01   3.1000000e+03   7.1332103e+02
   8.1000000e-02   1.8221970e+00   1.1371599e-01   3.1000000e+03   7.1336060e+02
   8.2000000e-02   1.8221090e+00   1.1511772e-01   3.1000000e+03   7.1340067e+02
   8.3000000e-02   1.8220199e+00   1.1651938e-01   3.1000000e+03   7.1344124e+02
   8.4000000e-02   1.8219297e+00   1.1792096e-01   3.1000000e+03   7.1348232e+02
   8.5000000e-02   1.8218385e+00   1.1932245e-01   3.1000000e+03   7.1352389e+02
   8.6000000e-02   1.8217462e+00   1.2072386e-01   3.1000000e+03   7.1356597e+02
   8.7000000e-02   1.8216528e+00   1.2212519e-01   3.1000000e+03   7.1360855e+02
   8.8000000e-02   1.8215583e+00   1.2352644e-01   3.1000000e+03   7.1365163e+02
   8.9000000e-02   1.8214627e+00   1.2492759e-01   3.1000000e+03   7.1369521e+02
   9.0000000e-02   1.8213661e+00   1.2632867e-01   3.1000000e+03   7.1373929e+02
   9.1000000e-02   1.8212684e+00   1.2772965e-01   3.1000000e+03   7.1378388e+02
   9.2000000e-02   1.8211696e+00   1.2913055e-01   3.1000000e+03   7.1382897e+02
   9.3000000e-02   1.8210697e+00   1.3053135e-01   3.1000000e+03   7.1387457e+02
   9.4000000e-02   1.8209688e+00   1.3193207e-01   3.1000000e+03   7.1392066e+02
   9.5000000e-02   1.8208668e+00   1.3333269e-01   3.1000000e+03   7.1396727e+02
   9.6000000e-02   1.8207637e+00   1.3473323e-01   3.1000000e+03   7.1401437e+02
   9.7000000e-02   1.8206595e+00   1.3613366e-01   3.1000000e+03   7.1406198e+02
   9.8000000e-02   1.8205542e+00   1.3753401e-01   3.1000000e+03   7.1411009e+02
   9.9000000e-02   1.8204479e+00   1.3893426e-01   3.1000000e+03   7.1415871e+02
   1.0000000e-01   1.8203405e+00   1.4033441e-01   3.1000000e+03   7.1420784e+02
   1.0100000e-01   1.8202320e+00   1.4173447e-01   3.1000000e+03   7.1425747e+02
   1.0200000e-01   1.8201225e+00   1.4313442e-01   3.1000000e+03   7.1430760e+02
   1.0300000e-01   1.8200119e+00   1.4453428e-01   3.1000000e+03   7.1435824e+02
   1.0400000e-01   1.8199002e+00   1.4593404e-01   3.1000000e+03   7.1440939e+02
   1.0500000e-01   1.8197874e+00   1.4733369e-01   3.1000000e+03   7.1446104e+02
   1.0600000e-01   1.8196735e+00   1.4873325e-01   3.1000000e+03   7.1451320e+02
   1.0700000e-01   1.8195586e+00   1.5013270e-01   3.1000000e+03   7.1456587e+02
   1.0800000e-01   1.8194426e+00   1.5153205e-01   3.1000000e+03   7.1461905e+02
   1.0900000e-01   1.8193255e+00   1.5293129e-01   3.1000000e+03   7.1467273e+02
   1.1000000e-01   1.8192074e+00   1.5433042e-01   3.1000000e+03   7.1472692e+02
   1.1100000e-01   1.8190881e+00   1.5572945e-01   3.1000000e+03   7.1478162e+02
   1.1200000e-01   1.8189678e+00   1.5712837e-01   3.1000000e+03   7.1483683e+02
   1.1300000e-01   1.8188465e+00   1.5852719e-01   3.1000000e+03   7.1489254e+02
   1.1400000e-01   1.8187240e+00   1.5992589e-01   3.1000000e+03   7.1494877e+02
   1.1500000e-01   1.8186005e+00   1.6132448e-01   3.1000000e+03   7.1500551e+02
   1.1600000e-01   1.8184759e+00   1.6272296e-01   3.1000000e+03   7.1506275e+02
   1.1700000e-01   1.8183502e+00   1.6412132e-01   3.1000000e+03   7.1512051e+02
   1.1800000e-01   1.8182235e+00   1.6551957e-01   3.1000000e+03   7.1517877e+02
   1.1900000e-01   1.8180957e+00   1.6691771e-01   3.1000000e+03   7.1523755e+02
   1.2000000e-01   1.8179668e+00   1.6831573e-01   3.1000000e+03   7.1529684e+02
   1.2100000e-01   1.8178368e+00   1.6971364e-01   3.1000000e+03   7.1535664e+02
   1.2200000e-01   1.8177058e+00   1.7111142e-01   3.1000000e+03   7.1541695e+02
   1.2300000e-01   1.8175736e+00   1.7250909e-01   3.1000000e+03   7.1547778e+02
   1.2400000e-01   1.8174405e+00   1.7390664e-01   3.1000000e+03   7.1553911e+02
   1.2500000e-01   1.8173062e+00   1.7530406e-01   3.1000000e+03   7.1560097e+02
   1.2600000e-01   1.8171709e+00   1.7670137e-01   3.1000000e+03   7.1566333e+02
   1.2700000e-01   1.8170345e+00   1.7809855e-01   3.1000000e+03   7.1572621e+02
   1.2800000e-01   1.8168970e+00   1.7949561e-01   3.1000000e+03   7.1578960e+02
   1.2900000e-01   1.8167584e+00   1.8089254e-01   3.1000000e+03   7.1585350e+02
   1.3000000e-01   1.8166188e+00   1.8228935e-01   3.1000000e+03   7.1591793e+02
   1.3100000e-01   1.8164781e+00   1.8368603e-01   3.1000000e+03   7.1598286e+02
   1.3200000e-01   1.8163364e+00   1.8508259e-01   3.1000000e+03   7.1604831e+02
   1.3300000e-01   1.8161935e+00   1.8647901e-01   3.1000000e+03   7.1611428e+02
   1.3400000e-01   1.8160496e+00   1.8787531e-01   3.1000000e+03   7.1618077e+02
   1.3500000e-01   1.8159046e+00   1.8927147e-01   3.1000000e+03   7.1624777e+02
   1.3600000e-01   1.8157586e+00   1.9066751e-01   3.1000000e+03   7.1631528e+02
   1.3700000e-01   1.8156115e+00   1.9206341e-01   3.1000000e+03   7.1638332e+02
   1.3800000e-01   1.8154633e+00   1.9345917e-01   3.1000000e+03   7.1645187e+02
   1.3900000e-01   1.8153140e+00   1.9485481e-01   3.1000000e+03   7.1652095e+02
   1.4000000e-01   1.8151637e+00   1.9625030e-01   3.1000000e+03   7.1659054e+02
   1.4100000e-01   1.8150123e+00   1.9764566e-01   3.1000000e+03   7.1666065e+02
   1.4200000e-01   1.8148598e+00   1.9904089e-01   3.1000000e+03   7.1673128e+02
   1.4300000e-01   1.8147062e+00   2.0043597e-01   3.1000000e+03   7.1680242e+02
   1.4400000e-01   1.8145516e+00   2.0183092e-01   3.1000000e+03   7.1687409e+02
   1.4500000e-01   1.8143959e+00   2.0322572e-01   3.1000000e+03   7.1694628e+02
   1.4600000e-01   1.8142392e+00   2.0462038e-01   3.1000000e+03   7.1701900e+02
   1.4700000e-01   1.8140814e+00   2.0601491e-01   3.1000000e+03   7.1709223e+02
   1.4800000e-01   1.8139225e+00   2.0740928e-01   3.1000000e+03   7.1716599e+02
   1.4900000e-01   1.8137625e+00   2.0880352e-01   3.1000000e+03   7.1724026e+02
   1.5000000e-01   1.8136015e+00   2.1019760e-01   3.1000000e+03   7.1731507e+02
   1.5100000e-01   1.8134394e+00   2.1159154e-01   3.1000000e+03   7.1739039e+02
   1.5200000e-01   1.8132762e+00   2.1298534e-01   3.1000000e+03   7.1746624e+02
   1.5300000e-01   1.8131120e+00   2.1437898e-01   3.1000000e+03   7.1754261e+02
   1.5400000e-01   1.8129467e+00   2.1577248e-01   3.1000000e+03   7.1761951e+02
   1.5500000e-01   1.8127803e+00   2.1716583e-01   3.1000000e+03   7.1769693e+02
   1.5600000e-01   1.8126128e+00   2.1855902e-01   3.1000000e+03   7.1777488e+02
   1.5700000e-01   1.8124443e+00   2.1995206e-01   3.1000000e+03   7.1785336e+02
   1.5800000e-01   1.8122747e+00   2.2134495e-01   3.1000000e+03   7.1793236e+02
   1.5900000e-01   1.8121041e+00   2.2273769e-01   3.1000000e+03   7.1801189e+02
   1.6000000e-01   1.8119324e+00   2.2413027e-01   3.1000000e+03   7.1809194e+02
   1.6100000e-01   1.8117596e+00   2.2552269e-01   3.1000000e+03   7.1817253e+02
   1.6200000e-01   1.8115858e+00   2.2691495e-01   3.1000000e+03   7.1825364e+02
   1.6300000e-01   1.8114108e+00   2.2830706e-01   3.1000000e+03   7.1833528e+02
   1.6400000e-01   1.8112349e+00   2.2969901e-01   3.1000000e+03   7.1841745e+02
   1.6500000e-01   1.8110578e+00   2.3109080e-01   3.1000000e+03   7.1850016e+02
   1.6600000e-01   1.8108797e+00   2.3248243e-01   3.1000000e+03   7.1858339e+02
   1.6700000e-01   1.8107005e+00   2.3387389e-01   3.1000000e+03   7.1866715e+02
   1.6800000e-01   1.8105203e+00   2.3526519e-01   3.1000000e+03   7.1875145e+02
   1.6900000e-01   1.8103390e+00   2.3665633e-01   3.1000000e+03   7.1883627e+02
   1.7000000e-01   1.8101566e+00   2.3804730e-01   3.1000000e+03   7.1892163e+02
   1.7100000e-01   1.8099731e+00   2.3943811e-01   3.1000000e+03   7.1900753e+02
   1.7200000e-01   1.8097886e+00   2.4082875e-01   3.1000000e+03   7.1909395e+02
   1.7300000e-01   1.8096030e+00   2.4221922e-01   3.1000000e+03   7.1918091e+02
   1.7400000e-01   1.8094164e+00   2.4360952e-01   3.1000000e+03   7.1926841e+02
   1.7500000e-01   1.8092287e+00   2.4499965e-01   3.1000000e+03   7.1935644e+02
   1.7600000e-01   1.8090399e+00   2.4638961e-01   3.1000000e+03   7.1944500e+02
   1.7700000e-01   1.8088501e+00   2.4777940e-01   3.1000000e+03   7.1953411e+02
   1.7800000e-01   1.8086592e+00   2.4916901e-01   3.1000000e+03   7.1962375e+02
   1.7900000e-01   1.8084673e+00   2.5055845e-01   3.1000000e+03   7.1971392e+02
   1.8000000e-01   1.8082742e+00   2.5194772e-01   3.1000000e+03   7.1980464e+02
   1.8100000e-01   1.8080801e+00   2.5333681e-01   3.1000000e+03   7.1989589e+02
   1.8200000e-01   1.8078850e+00   2.5472572e-01   3.1000000e+03   7.1998768e+02
   1.8300000e-01   1.8076888e+00   2.5611446e-01   3.1000000e+03   7.2008002e+02
   1.8400000e-01   1.8074915e+00   2.5750301e-01   3.1000000e+03   7.2017289e+02
   1.8500000e-01   1.8072932e+00   2.5889139e-01   3.1000000e+03   7.2026630e+02
   1.8600000e-01   1.8070938e+00   2.6027958e-01   3.1000000e+03   7.2036025e+02
   1.8700000e-01   1.8068933e+00   2.6166759e-01   3.1000000e+03   7.2045475e+02
   1.8800000e-01   1.8066918e+00   2.6305542e-01   3.1000000e+03   7.2054979e+02
   1.8900000e-01   1.8064892e+00   2.6444307e-01   3.1000000e+03   7.2064537e+02
   1.9000000e-01   1.8062855e+00   2.6583053e-01   3.1000000e+03   7.2074150e+02
   1.9100000e-01   1.8060808e+00   2.6721780e-01   3.1000000e+03   7.2083817e+02
   1.9200000e-01   1.8058751e+00   2.6860489e-01   3.1000000e+03   7.2093538e+02
   1.9300000e-01   1.8056682e+00   2.6999179e-01   3.1000000e+03   7.2103314e+02
   1.9400000e-01   1.8054603e+00   2.7137850e-01   3.1000000e+03   7.2113145e+02
   1.9500000e-01   1.8052514e+00   2.7276502e-01   3.1000000e+03   7.2123030e+02
   1.9600000e-01   1.8050414e+00   2.7415135e-01   3.1000000e+03   7.2132971e+02
   1.9700000e-01   1.8048303e+00   2.7553748e-01   3.1000000e+03   7.2142965e+02
   1.9800000e-01   1.8046182e+00   2.7692343e-01   3.1000000e+03   7.2153015e+02
   1.9900000e-01   1.8044050e+00   2.7830918e-01   3.1000000e+03   7.2163120e+02
   2.0000000e-01   1.8041907e+00   2.7969473e-01   3.1000000e+03   7.2173280e+02
   2.0100000e-01   1.8039754e+00   2.8108009e-01   3.1000000e+03   7.2183494e+02
   2.0200000e-01   1.8037591e+00   2.8246525e-01   3.1000000e+03   7.2193764e+02
   2.0300000e-01   1.8035416e+00   2.8385021e-01   3.1000000e+03   7.2204089e+02
   2.0400000e-01   1.8033231e+00   2.8523498e-01   3.1000000e+03   7.2214470e+02
   2.0500000e-01   1.8031036e+00   2.8661954e-01   3.1000000e+03   7.2224905e+02
   2.0600000e-01   1.8028830e+00   2.8800390e-01   3.1000000e+03   7.2235396e+02
   2.0700000e-01   1.8026613e+00   2.8938806e-01   3.1000000e+03   7.2245943e+02
   2.0800000e-01   1.8024386e+00   2.9077202e-01   3.1000000e+03   7.2256545e+02
   2.0900000e-01   1.8022148e+00   2.9215578e-01   3.1000000e+03   7.2267202e+02
   2.1000000e-01   1.8019900e+00   2.9353932e-01   3.1000000e+03   7.2277916e+02
   2.1100000e-01   1.8017641e+00   2.9492267e-01   3.1000000e+03   7.2288685e+02
   2.1200000e-01   1.8015372e+00   2.9630580e-01   3.1000000e+03   7.2299510e+02
   2.1300000e-01   1.8013092e+00   2.9768873e-01   3.1000000e+03   7.2310390e+02
   2.1400000e-01   1.8010801e+00   2.9907145e-01   3.1000000e+03   7.2321327e+02
   2.1500000e-01   1.8008500e+00   3.0045395e-01   3.1000000e+03   7.2332319e+02
   2.1600000e-01   1.8006188e+00   3.0183625e-01   3.1000000e+03   7.2343368e+02
   2.1700000e-01   1.8003866e+00   3.0321834e-01   3.1000000e+03   7.2354473e+02
   2.1800000e-01   1.8001533e+00   3.0460021e-01   3.1000000e+03   7.2365634e+02
   2.1900000e-01   1.7999190e+00   3.0598186e-01   3.1000000e+03   7.2376851e+02
   2.2000000e-01   1.7996836e+00   3.0736331e-01   3.1000000e+03   7.2388125e+02
   2.2100000e-01   1.7994472e+00   3.0874453e-01   3.1000000e+03   7.2399455e+02
   2.2200000e-01   1.7992097e+00   3.1012554e-01   3.1000000e+03   7.2410842e+02
   2.2300000e-01   1.7989711e+00   3.1150633e-01   3.1000000e+03   7.2422285e+02
   2.2400000e-01   1.7987315e+00   3.1288690e-01   3.1000000e+03   7.2433785e+02
   2.2500000e-01   1.7984909e+00   3.1426725e-01   3.1000000e+03   7.2445342e+02
   2.2600000e-01   1.7982492e+00   3.1564738e-01   3.1000000e+03   7.2456956e+02
   2.2700000e-01   1.7980064e+00   3.1702729e-01   3.1000000e+03   7.2468626e+02
   2.2800000e-01   1.7977626e+00   3.1840697e-01   3.1000000e+03   7.2480353e+02
   2.2900000e-01   1.7975177e+00   3.1978643e-01   3.1000000e+03   7.2492138e+02
   2.3000000e-01   1.7972718e+00   3.2116567e-01   3.1000000e+03   7.2503980e+02
   2.3100000e-01   1.7970248e+00   3.2254468e-01   3.1000000e+03   7.2515878e+02
   2.3200000e-01   1.7967768e+00   3.2392346e-01   3.1000000e+03   7.2527835e+02
   2.3300000e-01   1.7965277e+00   3.2530201e-01   3.1000000e+03   7.2539848e+02
   2.3400000e-01   1.7962776e+00   3.2668033e-01   3.1000000e+03   7.2551919e+02
   2.3500000e-01   1.7960264e+00   3.2805843e-01   3.1000000e+03   7.2564047e+02
   2.3600000e-01   1.7957742e+00   3.2943629e-01   3.1000000e+03   7.2576234e+02
   2.3700000e-01   1.7955210e+00   3.3081392e-01   3.1000000e+03   7.2588477e+02
   2.3800000e-01   1.7952666e+00   3.3219131e-01   3.1000000e+03   7.2600779e+02
   2.3900000e-01   1.7950113e+00   3.3356848e-01   3.1000000e+03   7.2613138e+02
   2.4000000e-01   1.7947548e+00   3.3494540e-01   3.1000000e+03   7.2625556e+02
   2.4100000e-01   1.7944974e+00   3.3632209e-01   3.1000000e+03   7.2638031e+02
   2.4200000e-01   1.7942388e+00   3.3769854e-01   3.1000000e+03   7.2650565e+02
   2.4300000e-01   1.7939793e+00   3.3907476e-01   3.1000000e+03   7.2663156e+02
   2.4400000e-01   1.7937187e+00   3.4045073e-01   3.1000000e+03   7.2675806e+02
   2.4500000e-01   1.7934570e+00   3.4182646e-01   3.1000000e+03   7.2688515e+02
   2.4600000e-01   1.7931943e+00   3.4320195e-01   3.1000000e+03   7.2701282e+02
   2.4700000e-01   1.7929305e+00   3.4457720e-01   3.1000000e+03   7.2714107e+02
   2.4800000e-01   1.7926657e+00   3.4595221e-01   3.1000000e+03   7.2726991e+02
   2.4900000e-01   1.7923999e+00   3.4732697e-01   3.1000000e+03   7.2739934e+02
   2.5000000e-01   1.7921330e+00   3.4870148e-01   3.1000000e+03   7.2752935e+02
   2.5100000e-01   1.7918650e+00   3.5007575e-01   3.1000000e+03   7.2765996e+02
   2.5200000e-01   1.7915960e+00   3.5144977e-01   3.1000000e+03   7.2779115e+02
   2.5300000e-01   1.7913260e+00   3.5282354e-01   3.1000000e+03   7.2792294e+02
   2.5400000e-01   1.7910549e+00   3.5419707e-01   3.1000000e+03   7.2805532e+02
   2.5500000e-01   1.7907828e+00   3.5557034e-01   3.1000000e+03   7.2818829e+02
   2.5600000e-01   1.7905096e+00   3.5694336e-01   3.1000000e+03   7.2832185e+02
   2.5700000e-01   1.7902354e+00   3.5831612e-01   3.1000000e+03   7.2845601e+02
   2.5800000e-01   1.7899602e+00   3.5968864e-01   3.1000000e+03   7.2859076e+02
   2.5900000e-01   1.7896839e+00   3.6106089e-01   3.1000000e+03   7.2872611e+02
   2.6000000e-01   1.7894065e+00   3.6243290e-01   3.1000000e+03   7.2886206e+02
   2.6100000e-01   1.7891281e+00   3.6380464e-01   3.1000000e+03   7.2899861e+02
   2.6200000e-01   1.7888487e+00   3.6517613e-01   3.1000000e+03   7.2913575e+02
   2.6300000e-01   1.7885682e+00   3.6654735e-01   3.1000000e+03   7.2927350e+02
   2.6400000e-01   1.7882867e+00   3.6791832e-01   3.1000000e+03   7.2941185e+02
   2.6500000e-01   1.7880042e+00   3.6928903e-01   3.1000000e+03   7.2955080e+02
   2.6600000e-01   1.7877206e+00   3.7065947e-01   3.1000000e+03   7.2969035e+02
   2.6700000e-01   1.7874359e+00   3.7202965e-01   3.1000000e+03   7.2983051e+02
   2.6800000e-01   1.7871503e+00   3.7339957e-01   3.1000000e+03   7.2997127e+02
   2.6900000e-01   1.7868636e+00   3.7476922e-01   3.1000000e+03   7.3011264e+02
   2.7000000e-01   1.7865758e+00   3.7613861e-01   3.1000000e+03   7.3025462e+02
   2.7100000e-01   1.7862870e+00   3.7750773e-01   3.1000000e+03   7.3039720e+02
   2.7200000e-01   1.7859972e+00   3.7887658e-01   3.1000000e+03   7.3054039e+02
   2.7300000e-01   1.7857063e+00   3.8024516e-01   3.1000000e+03   7.3068420e+02
   2.7400000e-01   1.7854144e+00   3.8161347e-01   3.1000000e+03   7.3082862e+02
   2.7500000e-01   1.7851214e+00   3.8298150e-01   3.1000000e+03   7.3097364e+02
   2.7600000e-01   1.7848274e+00   3.8434927e-01   3.1000000e+03   7.3111929e+02
   2.7700000e-01   1.7845324e+00   3.8571676e-01   3.1000000e+03   7.3126554e+02
   2.7800000e-01   1.7842363e+00   3.8708398e-01   3.1000000e+03   7.3141242e+02
   2.7900000e-01   1.7839392e+00   3.8845092e-01   3.1000000e+03   7.3155990e+02
   2.8000000e-01   1.7836411e+00   3.8981759e-01   3.1000000e+03   7.3170801e+02
   2.8100000e-01   1.7833419e+00   3.9118398e-01   3.1000000e+03   7.3185674e+02
   2.8200000e-01   1.7830417e+00   3.9255008e-01   3.1000000e+03   7.3200608e+02
   2.8300000e-01   1.7827405e+00   3.9391591e-01   3.1000000e+03   7.3215605e+02
   2.8400000e-01   1.7824382e+00   3.9528146e-01   3.1000000e+03   7.3230664e+02
   2.8500000e-01   1.7821349e+00   3.9664673e-01   3.1000000e+03   7.3245786e+02
   2.8600000e-01   1.7818305e+00   3.9801171e-01   3.1000000e+03   7.3260969e+02
   2.8700000e-01   1.7815251e+00   3.9937641e-01   3.1000000e+03   7.3276216e+02
   2.8800000e-01   1.7812187e+00   4.0074082e-01   3.1000000e+03   7.3291525e+02
   2.8900000e-01   1.7809113e+00   4.0210495e-01   3.1000000e+03   7.3306897e+02
   2.9000000e-01   1.7806028e+00   4.0346879e-01   3.1000000e+03   7.3322331e+02
   2.9100000e-01   1.7802933e+00   4.0483235e-01   3.1000000e+03   7.3337829e+02
   2.9200000e-01   1.7799827e+00   4.0619561e-01   3.1000000e+03   7.3353390e+02
   2.9300000e-01   1.7796711e+00   4.0755858e-01   3.1000000e+03   7.3369014e+02
   2.9400000e-01   1.7793585e+00   4.0892126e-01   3.1000000e+03   7.3384702e+02
   2.9500000e-01   1.7790449e+00   4.1028365e-01   3.1000000e+03   7.3400453e+02
   2.9600000e-01   1.7787302e+00   4.1164575e-01   3.1000000e+03   7.3416268e+02
   2.9700000e-01   1.7784145e+00   4.1300755e-01   3.1000000e+03   7.3432147e+02
   2.9800000e-01   1.7780978e+00   4.1436906e-01   3.1000000e+03   7.3448089e+02
   2.9900000e-01   1.7777800e+00   4.1573027e-01   3.1000000e+03   7.3464095e+02
   3.0000000e-01   1.7774612e+00   4.1709118e-01   3.1000000e+03   7.3480166e+02
   3.0100000e-01   1.7771414e+00   4.1845179e-01   3.1000000e+03   7.3496301e+02
   3.0200000e-01   1.7768205e+00   4.1981210e-01   3.1000000e+03   7.3512500e+02
   3.0300000e-01   1.7764986e+00   4.2117212e-01   3.1000000e+03   7.3528763e+02
   3.0400000e-01   1.7761757e+00   4.2253183e-01   3.1000000e+03   7.3545092e+02
   3.0500000e-01   1.7758518e+00   4.2389123e-01   3.1000000e+03   7.3561485e+02
   3.0600000e-01   1.7755268e+00   4.2525034e-01   3.1000000e+03   7.3577942e+02
   3.0700000e-01   1.7752008e+00   4.2660913e-01   3.1000000e+03   7.3594465e+02
   3.0800000e-01   1.7748738e+00   4.2796763e-01   3.1000000e+03   7.3611053e+02
   3.0900000e-01   1.7745458e+00   4.2932581e-01   3.1000000e+03   7.3627707e+02
   3.1000000e-01   1.7742167e+00   4.3068369e-01   3.1000000e+03   7.3644425e+02
   3.1100000e-01   1.7738866e+00   4.3204125e-01   3.1000000e+03   7.3661210e+02
   3.1200000e-01   1.7735555e+00   4.3339851e-01   3.1000000e+03   7.3678060e+02
   3.1300000e-01   1.7732233e+00   4.3475545e-01   3.1000000e+03   7.3694975e+02
   3.1400000e-01   1.7728902e+00   4.3611208e-01   3.1000000e+03   7.3711957e+02
   3.1500000e-01   1.7725560e+00   4.3746840e-01   2.9923083e+03   7.3729005e+02
   3.1600000e-01   1.7722208e+00   4.3882441e-01   2.9831755e+03   7.3746119e+02
   3.1700000e-01   1.7718845e+00   4.4018009e-01   2.9741019e+03   7.3763299e+02
   3.1800000e-01   1.7715473e+00   4.4153547e-01   2.9650870e+03   7.3780546e+02
   3.1900000e-01   1.7712090e+00   4.4289052e-01   2.9561301e+03   7.3797859e+02
   3.2000000e-01   1.7708697e+00   4.4424525e-01   2.9472308e+03   7.3815240e+02
   3.2100000e-01   1.7705294e+00   4.4559967e-01   2.9383885e+03   7.3832687e+02
   3.2200000e-01   1.7701880e+00   4.4695376e-01   2.9296027e+03   7.3850201e+02
   3.2300000e-01   1.7698457e+00   4.4830753e-01   2.9208729e+03   7.3867782e+02
   3.2400000e-01   1.7695023e+00   4.4966098e-01   2.9121985e+03   7.3885431e+02
   3.2500000e-01   1.7691579e+00   4.5101410e-01   2.9035790e+03   7.3903147e+02
   3.2600000e-01   1.7688125e+00   4.5236689e-01   2.8950140e+03   7.3920931e+02
   3.2700000e-01   1.7684660e+00   4.5371936e-01   2.8865030e+03   7.3938783e+02
   3.2800000e-01   1.7681186e+00   4.5507151e-01   2.8780454e+03   7.3956703e+02
   3.2900000e-01   1.7677701e+00   4.5642332e-01   2.8696407e+03   7.3974690e+02
   3.3000000e-01   1.7674206e+00   4.5777480e-01   2.8612886e+03   7.3992746e+02
   3.3100000e-01   1.7670701e+00   4.5912596e-01   2.8529885e+03   7.4010871e+02
   3.3200000e-01   1.7667186e+00   4.6047678e-01   2.8447400e+03   7.4029064e+02
   3.3300000e-01   1.7663660e+00   4.6182727e-01   2.8365425e+03   7.4047325e+02
   3.3400000e-01   1.7660125e+00   4.6317742e-01   2.8283957e+03   7.4065656e+02
   3.3500000e-01   1.7656579e+00   4.6452724e-01   2.8202991e+03   7.4084055e+02
   3.3600000e-01   1.7653023e+00   4.6587672e-01   2.8122522e+03   7.4102524e+02
   3.3700000e-01   1.7649457e+00   4.6722586e-01   2.8042547e+03   7.4121062e+02
   3.3800000e-01   1.7645881e+00   4.6857467e-01   2.7963060e+03   7.4139669e+02
   3.3900000e-01   1.7642295e+00   4.6992313e-01   2.7884058e+03   7.4158346e+02
   3.4000000e-01   1.7638698e+00   4.7127126e-01   2.7805536e+03   7.4177093e+02
   3.4100000e-01   1.7635092e+00   4.7261904e-01   2.7727491e+03   7.4195910e+02
   3.4200000e-01   1.7631475e+00   4.7396648e-01   2.7649917e+03   7.4214797e+02
   3.4300000e-01   1.7627848e+00   4.7531358e-01   2.7572811e+03   7.4233755e+02
   3.4400000e-01   1.7624211e+00   4.7666033e-01   2.7496169e+03   7.4252782e+02
   3.4500000e-01   1.7620564e+00   4.7800673e-01   2.7419986e+03   7.4271881e+02
   3.4600000e-01   1.7616907e+00   4.7935279e-01   2.7344260e+03   7.4291050e+02
   3.4700000e-01   1.7613240e+00   4.8069850e-01   2.7268986e+03   7.4310290e+02
   3.4800000e-01   1.7609563e+00   4.8204386e-01   2.7194159e+03   7.4329601e+02
   3.4900000e-01   1.7605876e+00   4.8338887e-01   2.7119777e+03   7.4348984e+02
   3.5000000e-01   1.7602178e+00   4.8473352e-01   2.7045836e+03   7.4368438e+02
   3.5100000e-01   1.7598471e+00   4.8607783e-01   2.6972332e+03   7.4387964e+02
   3.5200000e-01   1.7594753e+00   4.8742178e-01   2.6899261e+03   7.4407562e+02
   3.5300000e-01   1.7591025e+00   4.8876537e-01   2.6826619e+03   7.4427231e+02
   3.5400000e-01   1.7587288e+00   4.9010861e-01   2.6754403e+03   7.4446973e+02
   3.5500000e-01   1.7583540e+00   4.9145149e-01   2.6682610e+03   7.4466787e+02
   3.5600000e-01   1.7579782e+00   4.9279401e-01   2.6611236e+03   7.4486674e+02
   3.5700000e-01   1.7576014e+00   4.9413617e-01   2.6540277e+03   7.4506633e+02
   3.5800000e-01   1.7572236e+00   4.9547798e-01   2.6469730e+03   7.4526666e+02
   3.5900000e-01   1.7568448e+00   4.9681942e-01   2.6399592e+03   7.4546771e+02
   3.6000000e-01   1.7564650e+00   4.9816049e-01   2.6329858e+03   7.4566950e+02
   3.6100000e-01   1.7560842e+00   4.9950121e-01   2.6260527e+03   7.4587202e+02
   3.6200000e-01   1.7557024e+00   5.0084155e-01   2.6191595e+03   7.4607528e+02
   3.6300000e-01   1.7553196e+00   5.0218153e-01   2.6123058e+03   7.4627927e+02
   3.6400000e-01   1.7549358e+00   5.0352115e-01   2.6054913e+03   7.4648401e+02
   3.6500000e-01   1.7545510e+00   5.0486039e-01   2.5987157e+03   7.4668949e+02
   3.6600000e-01   1.7541652e+00   5.0619927e-01   2.5919787e+03   7.4689571e+02
   3.6700000e-01   1.7537784e+00   5.0753777e-01   2.5852800e+03   7.4710268e+02
   3.6800000e-01   1.7533906e+00   5.0887590e-01   2.5786193e+03   7.4731040e+02
   3.6900000e-01   1.7530018e+00   5.1021366e-01   2.5719962e+03   7.4751887e+02
   3.7000000e-01   1.7526120e+00   5.1155105e-01   2.5654105e+03   7.4772809e+02
   3.7100000e-01   1.7522212e+00   5.1288806e-01   2.5588619e+03   7.4793806e+02
   3.7200000e-01   1.7518294e+00   5.1422469e-01   2.5523500e+03   7.4814879e+02
   3.7300000e-01   1.7514366e+00   5.1556094e-01   2.5458747e+03   7.4836027e+02
   3.7400000e-01   1.7510428e+00   5.1689682e-01   2.5394355e+03   7.4857252e+02
   3.7500000e-01   1.7506481e+00   5.1823231e-01   2.5330322e+03   7.4878553e+02
   3.7600000e-01   1.7502523e+00   5.1956743e-01   2.5266646e+03   7.4899930e+02
   3.7700000e-01   1.7498555e+00   5.2090216e-01   2.5203324e+03   7.4921384e+02
   3.7800000e-01   1.7494577e+00   5.2223651e-01   2.5140352e+03   7.4942915e+02
   3.7900000e-01   1.7490590e+00   5.2357047e-01   2.5077729e+03   7.4964523e+02
   3.8000000e-01   1.7486592e+00   5.2490405e-01   2.5015450e+03   7.4986208e+02
   3.8100000e-01   1.7482585e+00   5.2623724e-01   2.4953515e+03   7.5007971e+02
   3.8200000e-01   1.7478567e+00   5.2757005e-01   2.4891920e+03   7.5029811e+02
   3.8300000e-01   1.7474540e+00   5.2890246e-01   2.4830662e+03   7.5051729e+02
   3.8400000e-01   1.7470503e+00   5.3023449e-01   2.4769739e+03   7.5073726e+02
   3.8500000e-01   1.7466456e+00   5.3156612e-01   2.4709148e+03   7.5095800e+02
   3.8600000e-01   1.7462399e+00   5.3289736e-01   2.4648888e+03   7.5117953e+02
   3.8700000e-01   1.7458332e+00   5.3422820e-01   2.4588954e+03   7.5140185e+02
   3.8800000e-01   1.7454255e+00   5.3555866e-01   2.4529346e+03   7.5162496e+02
   3.8900000e-01   1.7450169e+00   5.3688871e-01   2.4470060e+03   7.5184887e+02
   3.9000000e-01   1.7446072e+00   5.3821837e-01   2.4411094e+03   7.5207356e+02
   3.9100000e-01   1.7441966e+00   5.3954763e-01   2.4352446e+03   7.5229906e+02
   3.9200000e-01   1.7437850e+00   5.4087648e-01   2.4294113e+03   7.5252535e+02
   3.9300000e-01   1.7433723e+00   5.4220494e-01   2.4236093e+03   7.5275245e+02
   3.9400000e-01   1.7429588e+00   5.4353300e-01   2.4178383e+03   7.5298035e+02
   3.9500000e-01   1.7425442e+00   5.4486065e-01   2.4120982e+03   7.5320905e+02
   3.9600000e-01   1.7421286e+00   5.4618790e-01   2.4063887e+03   7.5343856e+02
   3.9700000e-01   1.7417121e+00   5.4751474e-01   2.4007095e+03   7.5366889e+02
   3.9800000e-01   1.7412945e+00   5.4884118e-01   2.3950605e+03   7.5390003e+02
   3.9900000e-01   1.7408760e+00   5.5016721e-01   2.3894415e+03   7.5413198e+02
   4.0000000e-01   1.7404565e+00   5.5149282e-01   2.3838521e+03   7.5436476e+02
   4.0100000e-01   1.7400361e+00   5.5281803e-01   2.3782923e+03   7.5459835e+02
   4.0200000e-01   1.7396146e+00   5.5414283e-01   2.3727617e+03   7.5483277e+02
   4.0300000e-01   1.7391922e+00   5.5546721e-01   2.3672603e+03   7.5506801e+02
   4.0400000e-01   1.7387688e+00   5.5679118e-01   2.3617877e+03   7.5530409e+02
   4.0500000e-01   1.7383444e+00   5.5811474e-01   2.3563437e+03   7.5554099e+02
   4.0600000e-01   1.7379190e+00   5.5943788e-01   2.3509282e+03   7.5577873e+02
   4.0700000e-01   1.7374927e+00   5.6076060e-01   2.3455410e+03   7.5601730e+02
   4.0800000e-01   1.7370654e+00   5.6208290e-01   2.3401818e+03   7.5625671e+02
   4.0900000e-01   1.7366371e+00   5.6340478e-01   2.3348504e+03   7.5649696e+02
   4.1000000e-01   1.7362078e+00   5.6472624e-01   2.3295467e+03   7.5673806e+02
   4.1100000e-01   1.7357776e+00   5.6604728e-01   2.3242705e+03   7.5698001e+02
   4.1200000e-01   1.7353464e+00   5.6736790e-01   2.3190215e+03   7.5722280e+02
   4.1300000e-01   1.7349142e+00   5.6868809e-01   2.3137996e+03   7.5746644e+02
   4.1400000e-01   1.7344810e+00   5.7000785e-01   2.3086046e+03   7.5771095e+02
   4.1500000e-01   1.7340469e+00   5.7132719e-01   2.3034363e+03   7.5795630e+02
   4.1600000e-01   1.7336118e+00   5.7264610e-01   2.2982945e+03   7.5820252e+02
   4.1700000e-01   1.7331757e+00   5.7396458e-01   2.2931790e+03   7.5844960e+02
   4.1800000e-01   1.7327387e+00   5.7528263e-01   2.2880897e+03   7.5869755e+02
   4.1900000e-01   1.7323006e+00   5.7660024e-01   2.2830264e+03   7.5894637e+02
   4.2000000e-01   1.7318617e+00   5.7791743e-01   2.2779888e+03   7.5919605e+02
   4.2100000e-01   1.7314217e+00   5.7923417e-01   2.2729769e+03   7.5944662e+02
   4.2200000e-01   1.7309808e+00   5.8055049e-01   2.2679904e+03   7.5969806e+02
   4.2300000e-01   1.7305389e+00   5.8186636e-01   2.2630291e+03   7.5995038e+02
   4.2400000e-01   1.7300960e+00   5.8318180e-01   2.2580930e+03   7.6020358e+02
   4.2500000e-01   1.7296522e+00   5.8449680e-01   2.2531818e+03   7.6045767e+02
   4.2600000e-01   1.7292074e+00   5.8581135e-01   2.2482953e+03   7.6071265e+02
   4.2700000e-01   1.7287617e+00   5.8712547e-01   2.2434334e+03   7.6096852e+02
   4.2800000e-01   1.7283150e+00   5.8843914e-01   2.2385960e+03   7.6122528e+02
   4.2900000e-01   1.7278673e+00   5.8975237e-01   2.2337828e+03   7.6148295e+02
   4.3000000e-01   1.7274187e+00   5.9106515e-01   2.2289937e+03   7.6174151e+02
   4.3100000e-01   1.7269691e+00   5.9237748e-01   2.2242286e+03   7.6200098e+02
   4.3200000e-01   1.7265185e+00   5.9368937e-01   2.2194872e+03   7.6226136e+02
   4.3300000e-01   1.7260670e+00   5.9500080e-01   2.2147695e+03   7.6252265e+02
   4.3400000e-01   1.7256146e+00   5.9631179e-01   2.2100752e+03   7.6278485e+02
   4.3500000e-01   1.7251611e+00   5.9762232e-01   2.2054043e+03   7.6304797e+02
   4.3600000e-01   1.7247067e+00   5.9893240e-01   2.2007565e+03   7.6331201e+02
   4.3700000e-01   1.7242514e+00   6.0024203e-01   2.1961317e+03   7.6357697e+02
   4.3800000e-01   1.7237951e+00   6.0155120e-01   2.1915298e+03   7.6384286e+02
   4.3900000e-01   1.7233378e+00   6.0285991e-01   2.1869506e+03   7.6410969e+02
   4.4000000e-01   1.7228796e+00   6.0416817e-01   2.1823940e+03   7.6437744e+02
   4.4100000e-01   1.7224204e+00   6.0547596e-01   2.1778598e+03   7.6464613e+02
   4.4200000e-01   1.7219603e+00   6.0678329e-01   2.1733479e+03   7.6491576e+02
   4.4300000e-01   1.7214993e+00   6.0809017e-01   2.1688582e+03   7.6518634e+02
   4.4400000e-01   1.7210372e+00   6.0939657e-01   2.1643904e+03   7.6545786e+02
   4.4500000e-01   1.7205743e+00   6.1070252e-01   2.1599445e+03   7.6573033e+02
   4.4600000e-01   1.7201103e+00   6.1200799e-01   2.1555203e+03   7.6600375e+02
   4.4700000e-01   1.7196455e+00   6.1331300e-01   2.1511177e+03   7.6627814e+02
   4.4800000e-01   1.7191796e+00   6.1461754e-01   2.1467365e+03   7.6655348e+02
   4.4900000e-01   1.7187129e+00   6.1592161e-01   2.1423767e+03   7.6682979e+02
   4.5000000e-01   1.7182451e+00   6.1722521e-01   2.1380380e+03   7.6710707e+02
   4.5100000e-01   1.7177765e+00   6.1852834e-01   2.1337204e+03   7.6738532e+02
   4.5200000e-01   1.7173069e+00   6.1983099e-01   2.1294237e+03   7.6766455e+02
   4.5300000e-01   1.7168363e+00   6.2113317e-01   2.1251478e+03   7.6794475e+02
   4.5400000e-01   1.7163648e+00   6.2243487e-01   2.1208925e+03   7.6822594e+02
   4.5500000e-01   1.7158924e+00   6.2373609e-01   2.1166578e+03   7.6850811e+02
   4.5600000e-01   1.7154190e+00   6.2503683e-01   2.1124435e+03   7.6879128e+02
   4.5700000e-01   1.7149447e+00   6.2633710e-01   2.1082495e+03   7.6907543e+02
   4.5800000e-01   1.7144694e+00   6.2763688e-01   2.1040756e+03   7.6936059e+02
   4.5900000e-01   1.7139932e+00   6.2893617e-01   2.0999217e+03   7.6964675e+02
   4.6000000e-01   1.7135160e+00   6.3023499e-01   2.0957878e+03   7.6993392e+02
   4.6100000e-01   1.7130379e+00   6.3153331e-01   2.0916737e+03   7.7022209e+02
   4.6200000e-01   1.7125589e+00   6.3283115e-01   2.0875793e+03   7.7051128e+02
   4.6300000e-01   1.7120790e+00   6.3412850e-01   2.0835044e+03   7.7080149e+02
   4.6400000e-01   1.7115981e+00   6.3542536e-01   2.0794489e+03   7.7109272e+02
   4.6500000e-01   1.7111162e+00   6.3672173e-01   2.0754128e+03   7.7138497e+02
   4.6600000e-01   1.7106335e+00   6.3801761e-01   2.0713959e+03   7.7167826e+02
   4.6700000e-01   1.7101498e+00   6.3931299e-01   2.0673981e+03   7.7197257e+02
   4.6800000e-01   1.7096651e+00   6.4060788e-01   2.0634193e+03   7.7226793e+02
   4.6900000e-01   1.7091796e+00   6.4190227e-01   2.0594593e+03   7.7256433e+02
   4.7000000e-01   1.7086931e+00   6.4319616e-01   2.0555181e+03   7.7286178e+02
   4.7100000e-01   1.7082057e+00   6.4448956e-01   2.0515956e+03   7.7316028e+02
   4.7200000e-01   1.7077173e+00   6.4578245e-01   2.0476916e+03   7.7345983e+02
   4.7300000e-01   1.7072280e+00   6.4707484e-01   2.0438061e+03   7.7376044e+02
   4.7400000e-01   1.7067378e+00   6.4836672e-01   2.0399389e+03   7.7406212e+02
   4.7500000e-01   1.7062467e+00   6.4965811e-01   2.0360899e+03   7.7436487e+02
   4.7600000e-01   1.7057546e+00   6.5094898e-01   2.0322591e+03   7.7466869e+02
   4.7700000e-01   1.7052616e+00   6.5223935e-01   2.0284462e+03   7.7497359e+02
   4.7800000e-01   1.7047677e+00   6.5352920e-01   2.0246513e+03   7.7527957e+02
   4.7900000e-01   1.7042729e+00   6.5481855e-01   2.0208743e+03   7.7558663e+02
   4.8000000e-01   1.7037771e+00   6.5610739e-01   2.0171149e+03   7.7589479e+02
   4.8100000e-01   1.7032804e+00   6.5739571e-01   2.0133731e+03   7.7620404e+02
   4.8200000e-01   1.7027828e+00   6.5868351e-01   2.0096489e+03   7.7651440e+02
   4.8300000e-01   1.7022843e+00   6.5997080e-01   2.0059421e+03   7.7682586e+02
   4.8400000e-01   1.7017849e+00   6.6125757e-01   2.0022526e+03   7.7713843e+02
   4.8500000e-01   1.7012845e+00   6.6254383e-01   1.9985804e+03   7.7745211e+02
   4.8600000e-01   1.7007832e+00   6.6382956e-01   1.9949253e+03   7.7776692e+02
   4.8700000e-01   1.7002811e+00   6.6511477e-01   1.9912872e+03   7.7808285e+02
   4.8800000e-01   1.6997780e+00   6.6639946e-01   1.9876661e+03   7.7839991e+02
   4.8900000e-01   1.6992739e+00   6.6768362e-01   1.9840618e+03   7.7871810e+02
   4.9000000e-01   1.6987690e+00   6.6896725e-01   1.9804743e+03   7.7903744e+02
   4.9100000e-01   1.6982632e+00   6.7025036e-01   1.9769035e+03   7.7935792e+02
   4.9200000e-01   1.6977564e+00   6.7153294e-01   1.9733492e+03   7.7967955e+02
   4.9300000e-01   1.6972488e+00   6.7281499e-01   1.9698115e+03   7.8000234e+02
   4.9400000e-01   1.6967402e+00   6.7409650e-01   1.9662901e+03   7.8032628e+02
   4.9500000e-01   1.6962307e+00   6.7537748e-01   1.9627851e+03   7.8065139e+02
   4.9600000e-01   1.6957203e+00   6.7665793e-01   1.9592963e+03   7.8097768e+02
   4.9700000e-01   1.6952090e+00   6.7793784e-01   1.9558237e+03   7.8130514e+02
   4.9800000e-01   1.6946968e+00   6.7921721e-01   1.9523671e+03   7.8163378e+02
   4.9900000e-01   1.6941837e+00   6.8049604e-01   1.9489265e+03   7.8196361e+02
   5.0000000e-01   1.6936697e+00   6.8177433e-01   1.9455019e+03   7.8229463e+02
   5.0100000e-01   1.6931548e+00   6.8305208e-01   1.9420930e+03   7.8262685e+02
   5.0200000e-01   1.6926390e+00   6.8432929e-01   1.9386998e+03   7.8296027e+02
   5.0300000e-01   1.6921223e+00   6.8560594e-01   1.9353224e+03   7.8329491e+02
   5.0400000e-01   1.6916047e+00   6.8688206e-01   1.9319604e+03   7.8363076e+02
   5.0500000e-01   1.6910862e+00   6.8815762e-01   1.9286140e+03   7.8396783e+02
   5.0600000e-01   1.6905668e+00   6.8943263e-01   1.9252830e+03   7.8430613e+02
   5.0700000e-01   1.6900465e+00   6.9070709e-01   1.9219674e+03   7.8464566e+02
   5.0800000e-01   1.6895253e+00   6.9198100e-01   1.9186669e+03   7.8498643e+02
   5.0900000e-01   1.6890032e+00   6.9325435e-01   1.9153817e+03   7.8532844e+02
   5.1000000e-01   1.6884802e+00   6.9452715e-01   1.9121116e+03   7.8567171e+02
   5.1100000e-01   1.6879563e+00   6.9579939e-01   1.9088565e+03   7.8601623e+02
   5.1200000e-01   1.6874316e+00   6.9707106e-01   1.9056164e+03   7.8636201e+02
   5.1300000e-01   1.6869059e+00   6.9834218e-01   1.9023912e+03   7.8670907e+02
   5.1400000e-01   1.6863794e+00   6.9961274e-01   1.8991808e+03   7.8705740e+02
   5.1500000e-01   1.6858519e+00   7.0088273e-01   1.8959851e+03   7.8740701e+02
   5.1600000e-01   1.6853236e+00   7.0215215e-01   1.8928041e+03   7.8775791e+02
   5.1700000e-01   1.6847944e+00   7.0342101e-01   1.8896377e+03   7.8811011e+02
   5.1800000e-01   1.6842643e+00   7.0468930e-01   1.8864859e+03   7.8846360e+02
   5.1900000e-01   1.6837334e+00   7.0595702e-01   1.8833485e+03   7.8881841e+02
   5.2000000e-01   1.6832015e+00   7.0722417e-01   1.8802254e+03   7.8917453e+02
   5.2100000e-01   1.6826688e+00   7.0849074e-01   1.8771168e+03   7.8953197e+02
   5.2200000e-01   1.6821352e+00   7.0975674e-01   1.8740223e+03   7.8989073e+02
   5.2300000e-01   1.6816007e+00   7.1102216e-01   1.8709421e+03   7.9025084e+02
   5.2400000e-01   1.6810653e+00   7.1228700e-01   1.8678760e+03   7.9061228e+02
   5.2500000e-01   1.6805291e+00   7.1355126e-01   1.8648240e+03   7.9097507e+02
   5.2600000e-01   1.6799919e+00   7.1481494e-01   1.8617859e+03   7.9133922e+02
   5.2700000e-01   1.6794540e+00   7.1607804e-01   1.8587618e+03   7.9170473e+02
   5.2800000e-01   1.6789151e+00   7.1734055e-01   1.8557515e+03   7.9207161e+02
   5.2900000e-01   1.6783753e+00   7.1860248e-01   1.8527551e+03   7.9243987e+02
   5.3000000e-01   1.6778347e+00   7.1986382e-01   1.8497724e+03   7.9280951e+02
   5.3100000e-01   1.6772933e+00   7.2112456e-01   1.8468034e+03   7.9318054e+02
   5.3200000e-01   1.6767509e+00   7.2238472e-01   1.8438480e+03   7.9355298e+02
   5.3300000e-01   1.6762077e+00   7.2364428e-01   1.8409062e+03   7.9392682e+02
   5.3400000e-01   1.6756636e+00   7.2490325e-01   1.8379779e+03   7.9430207e+02
   5.3500000e-01   1.6751187e+00   7.2616162e-01   1.8350630e+03   7.9467874e+02
   5.3600000e-01   1.6745729e+00   7.2741939e-01   1.8321616e+03   7.9505685e+02
   5.3700000e-01   1.6740262e+00   7.2867656e-01   1.8292734e+03   7.9543639e+02
   5.3800000e-01   1.6734787e+00   7.2993313e-01   1.8263985e+03   7.9581738e+02
   5.3900000e-01   1.6729303e+00   7.3118910e-01   1.8235369e+03   7.9619982e+02
   5.4000000e-01   1.6723811e+00   7.3244446e-01   1.8206884e+03   7.9658372e+02
   5.4100000e-01   1.6718310e+00   7.3369921e-01   1.8178530e+03   7.9696909e+02
   5.4200000e-01   1.6712800e+00   7.3495336e-01   1.8150306e+03   7.9735594e+02
   5.4300000e-01   1.6707282e+00   7.3620689e-01   1.8122213e+03   7.9774427e+02
   5.4400000e-01   1.6701755e+00   7.3745981e-01   1.8094249e+03   7.9813410e+02
   5.4500000e-01   1.6696220e+00   7.3871212e-01   1.8066414e+03   7.9852543e+02
   5.4600000e-01   1.6690677e+00   7.3996381e-01   1.8038707e+03   7.9891827e+02
   5.4700000e-01   1.6685125e+00   7.4121489e-01   1.8011128e+03   7.9931264e+02
   5.4800000e-01   1.6679564e+00   7.4246534e-01   1.7983677e+03   7.9970853e+02
   5.4900000e-01   1.6673995e+00   7.4371518e-01   1.7956352e+03   8.0010595e+02
   5.5000000e-01   1.6668417e+00   7.4496439e-01   1.7929154e+03   8.0050493e+02
   5.5100000e-01   1.6662831e+00   7.4621298e-01   1.7902082e+03   8.0090546e+02
   5.5200000e-01   1.6657237e+00   7.4746094e-01   1.7875135e+03   8.0130755e+02
   5.5300000e-01   1.6651634e+00   7.4870827e-01   1.7848313e+03   8.0171122e+02
   5.5400000e-01   1.6646023e+00   7.4995497e-01   1.7821615e+03   8.0211647e+02
   5.5500000e-01   1.6640404e+00   7.5120104e-01   1.7795041e+03   8.0252331e+02
   5.5600000e-01   1.6634776e+00   7.5244648e-01   1.7768591e+03   8.0293175e+02
   5.5700000e-01   1.6629139e+00   7.5369128e-01   1.7742264e+03   8.0334180e+02
   5.5800000e-01   1.6623495e+00   7.5493544e-01   1.7716059e+03   8.0375348e+02
   5.5900000e-01   1.6617842e+00   7.5617896e-01   1.7689977e+03   8.0416678e+02
   5.6000000e-01   1.6612181e+00   7.5742184e-01   1.7664016e+03   8.0458173e+02
   5.6100000e-01   1.6606511e+00   7.5866408e-01   1.7638177e+03   8.0499832e+02
   5.6200000e-01   1.6600833e+00   7.5990568e-01   1.7612458e+03   8.0541658e+02
   5.6300000e-01   1.6595147e+00   7.6114662e-01   1.7586859e+03   8.0583650e+02
   5.6400000e-01   1.6589453e+00   7.6238692e-01   1.7561381e+03   8.0625811e+02
   5.6500000e-01   1.6583750e+00   7.6362657e-01   1.7536022e+03   8.0668141e+02
   5.6600000e-01   1.6578040e+00   7.6486556e-01   1.7510783e+03   8.0710640e+02
   5.6700000e-01   1.6572321e+00   7.6610390e-01   1.7485662e+03   8.0753312e+02
   5.6800000e-01   1.6566594e+00   7.6734158e-01   1.7460659e+03   8.0796155e+02
   5.6900000e-01   1.6560858e+00   7.6857861e-01   1.7435774e+03   8.0839172e+02
   5.7000000e-01   1.6555115e+00   7.6981497e-01   1.7411007e+03   8.0882363e+02
   5.7100000e-01   1.6549363e+00   7.7105067e-01   1.7386357e+03   8.0925729e+02
   5.7200000e-01   1.6543603e+00   7.7228571e-01   1.7361824e+03   8.0969273e+02
   5.7300000e-01   1.6537835e+00   7.7352008e-01   1.7337407e+03   8.1012994e+02
   5.7400000e-01   1.6532060e+00   7.7475378e-01   1.7313106e+03   8.1056894e+02
   5.7500000e-01   1.6526275e+00   7.7598681e-01   1.7288921e+03   8.1100975e+02
   5.7600000e-01   1.6520483e+00   7.7721917e-01   1.7264851e+03   8.1145236e+02
   5.7700000e-01   1.6514683e+00   7.7845085e-01   1.7240897e+03   8.1189680e+02
   5.7800000e-01   1.6508875e+00   7.7968186e-01   1.7217056e+03   8.1234308e+02
   5.7900000e-01   1.6503059e+00   7.8091219e-01   1.7193331e+03   8.1279120e+02
   5.8000000e-01   1.6497235e+00   7.8214184e-01   1.7169719e+03   8.1324119e+02
   5.8100000e-01   1.6491402e+00   7.8337080e-01   1.7146220e+03   8.1369305e+02
   5.8200000e-01   1.6485562e+00   7.8459908e-01   1.7122835e+03   8.1414679e+02
   5.8300000e-01   1.6479714e+00   7.8582667e-01   1.7099563e+03   8.1460243e+02
   5.8400000e-01   1.6473858e+00   7.8705358e-01   1.7076404e+03   8.1505998e+02
   5.8500000e-01   1.6467994e+00   7.8827979e-01   1.7053357e+03   8.1551946e+02
   5.8600000e-01   1.6462122e+00   7.8950531e-01   1.7030421e+03   8.1598087e+02
   5.8700000e-01   1.6456243e+00   7.9073013e-01   1.7007598e+03   8.1644424e+02
   5.8800000e-01   1.6450355e+00   7.9195426e-01   1.6984886e+03   8.1690956e+02
   5.8900000e-01   1.6444460e+00   7.9317768e-01   1.6962285e+03   8.1737687e+02
   5.9000000e-01   1.6438556e+00   7.9440041e-01   1.6939796e+03   8.1784616e+02
   5.9100000e-01   1.6432645e+00   7.9562243e-01   1.6917416e+03   8.1831746e+02
   5.9200000e-01   1.6426726e+00   7.9684374e-01   1.6895147e+03   8.1879077e+02
   5.9300000e-01   1.6420800e+00   7.9806434e-01   1.6872988e+03   8.1926612e+02
   5.9400000e-01   1.6414865e+00   7.9928424e-01   1.6850939e+03   8.1974351e+02
   5.9500000e-01   1.6408923e+00   8.0050342e-01   1.6828999e+03   8.2022297e+02
   5.9600000e-01   1.6402973e+00   8.0172188e-01   1.6807169e+03   8.2070450e+02
   5.9700000e-01   1.6397016e+00   8.0293963e-01   1.6785447e+03   8.2118812e+02
   5.9800000e-01   1.6391051e+00   8.0415666e-01   1.6763835e+03   8.2167384e+02
   5.9900000e-01   1.6385078e+00   8.0537296e-01   1.6742330e+03   8.2216168e+02
   6.0000000e-01   1.6379097e+00   8.0658855e-01   1.6720935e+03   8.2265166e+02
   6.0100000e-01   1.6373109e+00   8.0780340e-01   1.6699647e+03   8.2314379e+02
   6.0200000e-01   1.6367113e+00   8.0901753e-01   1.6678467e+03   8.2363809e+02
   6.0300000e-01   1.6361110e+00   8.1023092e-01   1.6657395e+03   8.2413457e+02
   6.0400000e-01   1.6355099e+00   8.1144358e-01   1.6636430e+03   8.2463325e+02
   6.0500000e-01   1.6349081e+00   8.1265550e-01   1.6615572e+03   8.2513414e+02
   6.0600000e-01   1.6343055e+00   8.1386669e-01   1.6594821e+03   8.2563726e+02
   6.0700000e-01   1.6337021e+00   8.1507714e-01   1.6574177e+03   8.2614263e+02
   6.0800000e-01   1.6330980e+00   8.1628684e-01   1.6553640e+03   8.2665026e+02
   6.0900000e-01   1.6324932e+00   8.1749579e-01   1.6533209e+03   8.2716018e+02
   6.1000000e-01   1.6318876e+00   8.1870400e-01   1.6512885e+03   8.2767239e+02
   6.1100000e-01   1.6312813e+00   8.1991146e-01   1.6492666e+03   8.2818692e+02
   6.1200000e-01   1.6306742e+00   8.2111816e-01   1.6472553e+03   8.2870378e+02
   6.1300000e-01   1.6300664e+00   8.2232411e-01   1.6452547e+03   8.2922299e+02
   6.1400000e-01   1.6294578e+00   8.2352930e-01   1.6432645e+03   8.2974457e+02
   6.1500000e-01   1.6288486e+00   8.2473373e-01   1.6412849e+03   8.3026854e+02
   6.1600000e-01   1.6282385e+00   8.2593739e-01   1.6393159e+03   8.3079491e+02
   6.1700000e-01   1.6276278e+00   8.2714030e-01   1.6373573e+03   8.3132371e+02
   6.1800000e-01   1.6270163e+00   8.2834243e-01   1.6354093e+03   8.3185495e+02
   6.1900000e-01   1.6264041e+00   8.2954379e-01   1.6334717e+03   8.3238865e+02
   6.2000000e-01   1.6257912e+00   8.3074438e-01   1.6315447e+03   8.3292483e+02
   6.2100000e-01   1.6251776e+00   8.3194419e-01   1.6296280e+03   8.3346352e+02
   6.2200000e-01   1.6245632e+00   8.3314323e-01   1.6277219e+03   8.3400472e+02
   6.2300000e-01   1.6239482e+00   8.3434148e-01   1.6258261e+03   8.3454847e+02
   6.2400000e-01   1.6233324e+00   8.3553895e-01   1.6239408e+03   8.3509478e+02
   6.2500000e-01   1.6227159e+00   8.3673563e-01   1.6220660e+03   8.3564366e+02
   6.2600000e-01   1.6220987e+00   8.3793152e-01   1.6202015e+03   8.3619516e+02
   6.2700000e-01   1.6214808e+00   8.3912662e-01   1.6183474e+03   8.3674927e+02
   6.2800000e-01   1.6208621e+00   8.4032093e-01   1.6165037e+03   8.3730603e+02
   6.2900000e-01   1.6202428e+00   8.4151444e-01   1.6146705e+03   8.3786546e+02
   6.3000000e-01   1.6196228e+00   8.4270715e-01   1.6128476e+03   8.3842757e+02
   6.3100000e-01   1.6190021e+00   8.4389905e-01   1.6110350e+03   8.3899240e+02
   6.3200000e-01   1.6183807e+00   8.4509015e-01   1.6092329e+03   8.3955996e+02
   6.3300000e-01   1.6177586e+00   8.4628045e-01   1.6074410e+03   8.4013028e+02
   6.3400000e-01   1.6171358e+00   8.4746993e-01   1.6056596e+03   8.4070337e+02
   6.3500000e-01   1.6165123e+00   8.4865859e-01   1.6038885e+03   8.4127927e+02
   6.3600000e-01   1.6158881e+00   8.4984644e-01   1.6021278e+03   8.4185799e+02
   6.3700000e-01   1.6152633e+00   8.5103347e-01   1.6003774e+03   8.4243956e+02
   6.3800000e-01   1.6146377e+00   8.5221968e-01   1.5986373e+03   8.4302401e+02
   6.3900000e-01   1.6140115e+00   8.5340506e-01   1.5969076e+03   8.4361135e+02
   6.4000000e-01   1.6133846e+00   8.5458961e-01   1.5951883e+03   8.4420162e+02
   6.4100000e-01   1.6127571e+00   8.5577333e-01   1.5934792e+03   8.4479483e+02
   6.4200000e-01   1.6121288e+00   8.5695621e-01   1.5917806e+03   8.4539103e+02
   6.4300000e-01   1.6114999e+00   8.5813826e-01   1.5900922e+03   8.4599022e+02
   6.4400000e-01   1.6108704e+00   8.5931946e-01   1.5884143e+03   8.4659243e+02
   6.4500000e-01   1.6102402e+00   8.6049982e-01   1.5867466e+03   8.4719770e+02
   6.4600000e-01   1.6096093e+00   8.6167934e-01   1.5850893e+03   8.4780605e+02
   6.4700000e-01   1.6089777e+00   8.6285800e-01   1.5834424e+03   8.4841750e+02
   6.4800000e-01   1.6083456e+00   8.6403582e-01   1.5818058e+03   8.4903209e+02
   6.4900000e-01   1.6077127e+00   8.6521277e-01   1.5801796e+03   8.4964985e+02
   6.5000000e-01   1.6070792e+00   8.6638887e-01   1.5785638e+03   8.5027079e+02
   6.5100000e-01   1.6064451e+00   8.6756410e-01   1.5769584e+03   8.5089495e+02
   6.5200000e-01   1.6058103e+00   8.6873847e-01   1.5753633e+03   8.5152236e+02
   6.5300000e-01   1.6051749e+00   8.6991197e-01   1.5737786e+03   8.5215305e+02
   6.5400000e-01   1.6045389e+00   8.7108459e-01   1.5722043e+03   8.5278704e+02
   6.5500000e-01   1.6039022e+00   8.7225634e-01   1.5706404e+03   8.5342437e+02
   6.5600000e-01   1.6032649e+00   8.7342721e-01   1.5690870e+03   8.5406507e+02
   6.5700000e-01   1.6026269e+00   8.7459720e-01   1.5675440e+03   8.5470918e+02
   6.5800000e-01   1.6019884e+00   8.7576630e-01   1.5660114e+03   8.5535671e+02
   6.5900000e-01   1.6013492e+00   8.7693452e-01   1.5644893e+03   8.5600770e+02
   6.6000000e-01   1.6007094e+00   8.7810184e-01   1.5629776e+03   8.5666220e+02
   6.6100000e-01   1.6000690e+00   8.7926827e-01   1.5614764e+03   8.5732021e+02
   6.6200000e-01   1.5994279e+00   8.8043379e-01   1.5599857e+03   8.5798180e+02
   6.6300000e-01   1.5987863e+00   8.8159841e-01   1.5585055e+03   8.5864697e+02
   6.6400000e-01   1.5981440e+00   8.8276213e-01   1.5570359e+03   8.5931578e+02
   6.6500000e-01   1.5975012e+00   8.8392494e-01   1.5555768e+03   8.5998825e+02
   6.6600000e-01   1.5968577e+00   8.8508683e-01   1.5541282e+03   8.6066442e+02
   6.6700000e-01   1.5962137e+00   8.8624781e-01   1.5526902e+03   8.6134433e+02
   6.6800000e-01   1.5955691e+00   8.8740786e-01   1.5512628e+03   8.6202800e+02
   6.6900000e-01   1.5949238e+00   8.8856699e-01   1.5498461e+03   8.6271549e+02
   6.7000000e-01   1.5942780e+00   8.8972519e-01   1.5484399e+03   8.6340682e+02
   6.7100000e-01   1.5936316e+00   8.9088247e-01   1.5470445e+03   8.6410203e+02
   6.7200000e-01   1.5929847e+00   8.9203880e-01   1.5456597e+03   8.6480117e+02
   6.7300000e-01   1.5923371e+00   8.9319420e-01   1.5442856e+03   8.6550426e+02
   6.7400000e-01   1.5916890e+00   8.9434865e-01   1.5429222e+03   8.6621136e+02
   6.7500000e-01   1.5910403e+00   8.9550215e-01   1.5415696e+03   8.6692249e+02
   6.7600000e-01   1.5903910e+00   8.9665471e-01   1.5402278e+03   8.6763771e+02
   6.7700000e-01   1.5897412e+00   8.9780631e-01   1.5388968e+03   8.6835704e+02
   6.7800000e-01   1.5890909e+00   8.9895695e-01   1.5375766e+03   8.6908054e+02
   6.7900000e-01   1.5884399e+00   9.0010663e-01   1.5362672e+03   8.6980824e+02
   6.8000000e-01   1.5877884e+00   9.0125534e-01   1.5349688e+03   8.7054019e+02
   6.8100000e-01   1.5871364e+00   9.0240308e-01   1.5336813e+03   8.7127643e+02
   6.8200000e-01   1.5864838e+00   9.0354985e-01   1.5324048e+03   8.7201701e+02
   6.8300000e-01   1.5858307e+00   9.0469564e-01   1.5311392e+03   8.7276197e+02
   6.8400000e-01   1.5851771e+00   9.0584044e-01   1.5298846e+03   8.7351135e+02
   6.8500000e-01   1.5845229e+00   9.0698426e-01   1.5286412e+03   8.7426521e+02
   6.8600000e-01   1.5838682e+00   9.0812709e-01   1.5274088e+03   8.7502358e+02
   6.8700000e-01   1.5832130e+00   9.0926892e-01   1.5261875e+03   8.7578652e+02
   6.8800000e-01   1.5825572e+00   9.1040975e-01   1.5249774e+03   8.7655408e+02
   6.8900000e-01   1.5819010e+00   9.1154957e-01   1.5237785e+03   8.7732630e+02
   6.9000000e-01   1.5812442e+00   9.1268839e-01   1.5225908e+03   8.7810323e+02
   6.9100000e-01   1.5805869e+00   9.1382620e-01   1.5214145e+03   8.7888493e+02
   6.9200000e-01   1.5799291e+00   9.1496299e-01   1.5202494e+03   8.7967144e+02
   6.9300000e-01   1.5792708e+00   9.1609875e-01   1.5190958e+03   8.8046281e+02
   6.9400000e-01   1.5786121e+00   9.1723349e-01   1.5179535e+03   8.8125911e+02
   6.9500000e-01   1.5779528e+00   9.1836720e-01   1.5168227e+03   8.8206038e+02
   6.9600000e-01   1.5772930e+00   9.1949988e-01   1.5157034e+03   8.8286668e+02
   6.9700000e-01   1.5766328e+00   9.2063151e-01   1.5145957e+03   8.8367806e+02
   6.9800000e-01   1.5759721e+00   9.2176210e-01   1.5134996e+03   8.8449458e+02
   6.9900000e-01   1.5753109e+00   9.2289164e-01   1.5124151e+03   8.8531629e+02
   7.0000000e-01   1.5746492e+00   9.2402012e-01   1.5113423e+03   8.8614326e+02
   7.0100000e-01   1.5739871e+00   9.2514755e-01   1.5102813e+03   8.8697554e+02
   7.0200000e-01   1.5733245e+00   9.2627391e-01   1.5092321e+03   8.8781319e+02
   7.0300000e-01   1.5726615e+00   9.2739921e-01   1.5081948e+03   8.8865628e+02
   7.0400000e-01   1.5719980e+00   9.2852343e-01   1.5071694e+03   8.8950486e+02
   7.0500000e-01   1.5713340e+00   9.2964657e-01   1.5061560e+03   8.9035899e+02
   7.0600000e-01   1.5706696e+00   9.3076863e-01   1.5051546e+03   8.9121874e+02
   7.0700000e-01   1.5700048e+00   9.3188960e-01   1.5041654e+03   8.9208418e+02
   7.0800000e-01   1.5693396e+00   9.3300948e-01   1.5031883e+03   8.9295537e+02
   7.0900000e-01   1.5686739e+00   9.3412826e-01   1.5022234e+03   8.9383237e+02
   7.1000000e-01   1.5680078e+00   9.3524593e-01   1.5012708e+03   8.9471526e+02
   7.1100000e-01   1.5673413e+00   9.3636249e-01   1.5003306e+03   8.9560410e+02
   7.1200000e-01   1.5666743e+00   9.3747795e-01   1.4994029e+03   8.9649897e+02
   7.1300000e-01   1.5660070e+00   9.3859228e-01   1.4984876e+03   8.9739992e+02
   7.1400000e-01   1.5653392e+00   9.3970548e-01   1.4975849e+03   8.9830704e+02
   7.1500000e-01   1.5646711e+00   9.4081756e-01   1.4966949e+03   8.9922040e+02
   7.1600000e-01   1.5640026e+00   9.4192849e-01   1.4958175e+03   9.0014007e+02
   7.1700000e-01   1.5633337e+00   9.4303829e-01   1.4949530e+03   9.0106613e+02
   7.1800000e-01   1.5626644e+00   9.4414694e-01   1.4941014e+03   9.0199866e+02
   7.1900000e-01   1.5619947e+00   9.4525444e-01   1.4932627e+03   9.0293772e+02
   7.2000000e-01   1.5613246e+00   9.4636077e-01   1.4924370e+03   9.0388342e+02
   7.2100000e-01   1.5606542e+00   9.4746595e-01   1.4916245e+03   9.0483581e+02
   7.2200000e-01   1.5599835e+00   9.4856995e-01   1.4908251e+03   9.0579499e+02
   7.2300000e-01   1.5593123e+00   9.4967277e-01   1.4900391e+03   9.0676104e+02
   7.2400000e-01   1.5586409e+00   9.5077442e-01   1.4892665e+03   9.0773404e+02
   7.2500000e-01   1.5579690e+00   9.5187487e-01   1.4885073e+03   9.0871408e+02
   7.2600000e-01   1.5572969e+00   9.5297414e-01   1.4877617e+03   9.0970125e+02
   7.2700000e-01   1.5566244e+00   9.5407220e-01   1.4870297e+03   9.1069563e+02
   7.2800000e-01   1.5559516e+00   9.5516905e-01   1.4863115e+03   9.1169733e+02
   7.2900000e-01   1.5552785e+00   9.5626470e-01   1.4856072e+03   9.1270642e+02
   7.3000000e-01   1.5546050e+00   9.5735912e-01   1.4849168e+03   9.1372300e+02
   7.3100000e-01   1.5539313e+00   9.5845232e-01   1.4842405e+03   9.1474718e+02
   7.3200000e-01   1.5532573e+00   9.5954428e-01   1.4835783e+03   9.1577903e+02
   7.3300000e-01   1.5525829e+00   9.6063501e-01   1.4829304e+03   9.1681868e+02
   7.3400000e-01   1.5519083e+00   9.6172450e-01   1.4822969e+03   9.1786621e+02
   7.3500000e-01   1.5512334e+00   9.6281273e-01   1.4816779e+03   9.1892172e+02
   7.3600000e-01   1.5505582e+00   9.6389970e-01   1.4810735e+03   9.1998533e+02
   7.3700000e-01   1.5498827e+00   9.6498541e-01   1.4804838e+03   9.2105713e+02
   7.3800000e-01   1.5492070e+00   9.6606985e-01   1.4799090e+03   9.2213723e+02
   7.3900000e-01   1.5485310e+00   9.6715301e-01   1.4793491e+03   9.2322575e+02
   7.4000000e-01   1.5478548e+00   9.6823488e-01   1.4788044e+03   9.2432280e+02
   7.4100000e-01   1.5471784e+00   9.6931546e-01   1.4782748e+03   9.2542848e+02
   7.4200000e-01   1.5465017e+00   9.7039474e-01   1.4777606e+03   9.2654292e+02
   7.4300000e-01   1.5458247e+00   9.7147272e-01   1.4772619e+03   9.2766622e+02
   7.4400000e-01   1.5451476e+00   9.7254938e-01   1.4767787e+03   9.2879852e+02
   7.4500000e-01   1.5444702e+00   9.7362471e-01   1.4763114e+03   9.2993993e+02
   7.4600000e-01   1.5437926e+00   9.7469872e-01   1.4758599e+03   9.3109057e+02
   7.4700000e-01   1.5431149e+00   9.7577140e-01   1.4754245e+03   9.3225058e+02
   7.4800000e-01   1.5424369e+00   9.7684272e-01   1.4750052e+03   9.3342008e+02
   7.4900000e-01   1.5417588e+00   9.7791270e-01   1.4746023e+03   9.3459920e+02
   7.5000000e-01   1.5410804e+00   9.7898132e-01   1.4742158e+03   9.3578807e+02
   7.5100000e-01   1.5404019e+00   9.8004857e-01   1.4738460e+03   9.3698683e+02
   7.5200000e-01   1.5397233e+00   9.8111445e-01   1.4734930e+03   9.3819562e+02
   7.5300000e-01   1.5390445e+00   9.8217894e-01   1.4731570e+03   9.3941458e+02
   7.5400000e-01   1.5383655e+00   9.8324204e-01   1.4728380e+03   9.4064385e+02
   7.5500000e-01   1.5376864e+00   9.8430374e-01   1.4725364e+03   9.4188358e+02
   7.5600000e-01   1.5370072e+00   9.8536404e-01   1.4722522e+03   9.4313391e+02
   7.5700000e-01   1.5363278e+00   9.8642292e-01   1.4719857e+03   9.4439500e+02
   7.5800000e-01   1.5356483e+00   9.8748037e-01   1.4717370e+03   9.4566701e+02
   7.5900000e-01   1.5349688e+00   9.8853639e-01   1.4715063e+03   9.4695008e+02
   7.6000000e-01   1.5342891e+00   9.8959097e-01   1.4712938e+03   9.4824437e+02
   7.6100000e-01   1.5336093e+00   9.9064410e-01   1.4710997e+03   9.4955006e+02
   7.6200000e-01   1.5329295e+00   9.9169578e-01   1.4709241e+03   9.5086731e+02
   7.6300000e-01   1.5322496e+00   9.9274598e-01   1.4707673e+03   9.5219629e+02
   7.6400000e-01   1.5315696e+00   9.9379471e-01   1.4706296e+03   9.5353716e+02
   7.6500000e-01   1.5308896e+00   9.9484195e-01   1.4705109e+03   9.5489011e+02
   7.6600000e-01   1.5302095e+00   9.9588769e-01   1.4704117e+03   9.5625532e+02
   7.6700000e-01   1.5295294e+00   9.9693193e-01   1.4703321e+03   9.5763296e+02
   7.6800000e-01   1.5288492e+00   9.9797466e-01   1.4702724e+03   9.5902323e+02
   7.6900000e-01   1.5281690e+00   9.9901587e-01   1.4702327e+03   9.6042631e+02
   7.7000000e-01   1.5274889e+00   1.0000555e+00   1.4702133e+03   9.6184240e+02
   7.7100000e-01   1.5268087e+00   1.0010937e+00   1.4702144e+03   9.6327170e+02
   7.7200000e-01   1.5261285e+00   1.0021302e+00   1.4702363e+03   9.6471440e+02
   7.7300000e-01   1.5254484e+00   1.0031653e+00   1.4702792e+03   9.6617072e+02
   7.7400000e-01   1.5247683e+00   1.0041987e+00   1.4703434e+03   9.6764086e+02
   7.7500000e-01   1.5240882e+00   1.0052306e+00   1.4704290e+03   9.6912503e+02
   7.7600000e-01   1.5234082e+00   1.0062608e+00   1.4705365e+03   9.7062346e+02
   7.7700000e-01   1.5227282e+00   1.0072895e+00   1.4706660e+03   9.7213637e+02
   7.7800000e-01   1.5220483e+00   1.0083165e+00   1.4708178e+03   9.7366398e+02
   7.7900000e-01   1.5213685e+00   1.0093420e+00   1.4709922e+03   9.7520652e+02
   7.8000000e-01   1.5206888e+00   1.0103657e+00   1.4711895e+03   9.7676423e+02
   7.8100000e-01   1.5200092e+00   1.0113879e+00   1.4714100e+03   9.7833736e+02
   7.8200000e-01   1.5193297e+00   1.0124084e+00   1.4716539e+03   9.7992615e+02
   7.8300000e-01   1.5186503e+00   1.0134272e+00   1.4719216e+03   9.8153085e+02
   7.8400000e-01   1.5179710e+00   1.0144443e+00   1.4722133e+03   9.8315171e+02
   7.8500000e-01   1.5172919e+00   1.0154598e+00   1.4725295e+03   9.8478900e+02
   7.8600000e-01   1.5166130e+00   1.0164735e+00   1.4728703e+03   9.8644299e+02
   7.8700000e-01   1.5159342e+00   1.0174855e+00   1.4732362e+03   9.8811394e+02
   7.8800000e-01   1.5152556e+00   1.0184958e+00   1.4736275e+03   9.8980214e+02
   7.8900000e-01   1.5145772e+00   1.0195044e+00   1.4740445e+03   9.9150788e+02
   7.9000000e-01   1.5138990e+00   1.0205112e+00   1.4744876e+03   9.9323143e+02
   7.9100000e-01   1.5132210e+00   1.0215163e+00   1.4749571e+03   9.9497310e+02
   7.9200000e-01   1.5125433e+00   1.0225196e+00   1.4754534e+03   9.9673319e+02
   7.9300000e-01   1.5118657e+00   1.0235210e+00   1.4759769e+03   9.9851202e+02
   7.9400000e-01   1.5111885e+00   1.0245207e+00   1.4765280e+03   1.0003099e+03
   7.9500000e-01   1.5105115e+00   1.0255186e+00   1.4771070e+03   1.0021271e+03
   7.9600000e-01   1.5098348e+00   1.0265147e+00   1.4777144e+03   1.0039641e+03
   7.9700000e-01   1.5091583e+00   1.0275089e+00   1.4783505e+03   1.0058210e+03
   7.9800000e-01   1.5084822e+00   1.0285012e+00   1.4790158e+03   1.0076984e+03
   7.9900000e-01   1.5078064e+00   1.0294917e+00   1.4797108e+03   1.0095965e+03
   8.0000000e-01   1.5071309e+00   1.0304803e+00   1.4804358e+03   1.0115157e+03
   8.0100000e-01   1.5064558e+00   1.0314671e+00   1.4811913e+03   1.0134563e+03
   8.0200000e-01   1.5057810e+00   1.0324519e+00   1.4819777e+03   1.0154188e+03
   8.0300000e-01   1.5051066e+00   1.0334348e+00   1.4827956e+03   1.0174035e+03
   8.0400000e-01   1.5044326e+00   1.0344157e+00   1.4836454e+03   1.0194109e+03
   8.0500000e-01   1.5037590e+00   1.0353947e+00   1.4845276e+03   1.0214412e+03
   8.0600000e-01   1.5030858e+00   1.0363718e+00   1.4854427e+03   1.0234950e+03
   8.0700000e-01   1.5024130e+00   1.0373469e+00   1.4863912e+03   1.0255726e+03
   8.0800000e-01   1.5017407e+00   1.0383199e+00   1.4873737e+03   1.0276745e+03
   8.0900000e-01   1.5010688e+00   1.0392910e+00   1.4883907e+03   1.0298012e+03
   8.1000000e-01   1.5003974e+00   1.0402600e+00   1.4894426e+03   1.0319530e+03
   8.1100000e-01   1.4997265e+00   1.0412270e+00   1.4905302e+03   1.0341304e+03
   8.1200000e-01   1.4990561e+00   1.0421920e+00   1.4916540e+03   1.0363339e+03
   8.1300000e-01   1.4983862e+00   1.0431548e+00   1.4928145e+03   1.0385641e+03
   8.1400000e-01   1.4977169e+00   1.0441156e+00   1.4940124e+03   1.0408213e+03
   8.1500000e-01   1.4970481e+00   1.0450743e+00   1.4952483e+03   1.0431061e+03
   8.1600000e-01   1.4963799e+00   1.0460308e+00   1.4965228e+03   1.0454190e+03
   8.1700000e-01   1.4957123e+00   1.0469853e+00   1.4978366e+03   1.0477605e+03
   8.1800000e-01   1.4950452e+00   1.0479375e+00   1.4991903e+03   1.0501312e+03
   8.1900000e-01   1.4943788e+00   1.0488876e+00   1.5005846e+03   1.0525317e+03
   8.2000000e-01   1.4937131e+00   1.0498355e+00   1.5020203e+03   1.0549624e+03
   8.2100000e-01   1.4930480e+00   1.0507812e+00   1.5034980e+03   1.0574241e+03
   8.2200000e-01   1.4923835e+00   1.0517247e+00   1.5050184e+03   1.0599172e+03
   8.2300000e-01   1.4917198e+00   1.0526659e+00   1.5065824e+03   1.0624424e+03
   8.2400000e-01   1.4910567e+00   1.0536049e+00   1.5081907e+03   1.0650003e+03
   8.2500000e-01   1.4903944e+00   1.0545416e+00   1.5098440e+03   1.0675916e+03
   8.2600000e-01   1.4897328e+00   1.0554759e+00   1.5115432e+03   1.0702170e+03
   8.2700000e-01   1.4890720e+00   1.0564080e+00   1.5132892e+03   1.0728770e+03
   8.2800000e-01   1.4884120e+00   1.0573378e+00   1.5150827e+03   1.0755724e+03
   8.2900000e-01   1.4877527e+00   1.0582651e+00   1.5169246e+03   1.0783039e+03
   8.3000000e-01   1.4870943e+00   1.0591901e+00   1.5188158e+03   1.0810722e+03
   8.3100000e-01   1.4864368e+00   1.0601128e+00   1.5207573e+03   1.0838782e+03
   8.3200000e-01   1.4857801e+00   1.0610330e+00   1.5227500e+03   1.0867224e+03
   8.3300000e-01   1.4851242e+00   1.0619507e+00   1.5247948e+03   1.0896058e+03
   8.3400000e-01   1.4844693e+00   1.0628660e+00   1.5268928e+03   1.0925291e+03
   8.3500000e-01   1.4838153e+00   1.0637789e+00   1.5290449e+03   1.0954932e+03
   8.3600000e-01   1.4831622e+00   1.0646892e+00   1.5312522e+03   1.0984988e+03
   8.3700000e-01   1.4825102e+00   1.0655970e+00   1.5335157e+03   1.1015469e+03
   8.3800000e-01   1.4818590e+00   1.0665023e+00   1.5358366e+03   1.1046384e+03
   8.3900000e-01   1.4812089e+00   1.0674050e+00   1.5382160e+03   1.1077742e+03
   8.4000000e-01   1.4805599e+00   1.0683051e+00   1.5406550e+03   1.1109552e+03
   8.4100000e-01   1.4799118e+00   1.0692026e+00   1.5431549e+03   1.1141824e+03
   8.4200000e-01   1.4792649e+00   1.0700975e+00   1.5457168e+03   1.1174568e+03
   8.4300000e-01   1.4786190e+00   1.0709898e+00   1.5483420e+03   1.1207794e+03
   8.4400000e-01   1.4779743e+00   1.0718793e+00   1.5510317e+03   1.1241512e+03
   8.4500000e-01   1.4773307e+00   1.0727662e+00   1.5537874e+03   1.1275733e+03
   8.4600000e-01   1.4766883e+00   1.0736503e+00   1.5566103e+03   1.1310469e+03
   8.4700000e-01   1.4760471e+00   1.0745317e+00   1.5595019e+03   1.1345731e+03
   8.4800000e-01   1.4754071e+00   1.0754103e+00   1.5624636e+03   1.1381530e+03
   8.4900000e-01   1.4747683e+00   1.0762861e+00   1.5654969e+03   1.1417878e+03
   8.5000000e-01   1.4741308e+00   1.0771591e+00   1.5686032e+03   1.1454788e+03
   8.5100000e-01   1.4734945e+00   1.0780293e+00   1.5717842e+03   1.1492272e+03
   8.5200000e-01   1.4728596e+00   1.0788966e+00   1.5750415e+03   1.1530344e+03
   8.5300000e-01   1.4722261e+00   1.0797609e+00   1.5783766e+03   1.1569016e+03
   8.5400000e-01   1.4715939e+00   1.0806224e+00   1.5817913e+03   1.1608304e+03
   8.5500000e-01   1.4709631e+00   1.0814809e+00   1.5852874e+03   1.1648220e+03
   8.5600000e-01   1.4703337e+00   1.0823364e+00   1.5888666e+03   1.1688780e+03
   8.5700000e-01   1.4697058e+00   1.0831889e+00   1.5925308e+03   1.1729998e+03
   8.5800000e-01   1.4690793e+00   1.0840384e+00   1.5962819e+03   1.1771891e+03
   8.5900000e-01   1.4684544e+00   1.0848848e+00   1.6001219e+03   1.1814474e+03
   8.6000000e-01   1.4678309e+00   1.0857282e+00   1.6040527e+03   1.1857764e+03
   8.6100000e-01   1.4672091e+00   1.0865684e+00   1.6080765e+03   1.1901777e+03
   8.6200000e-01   1.4665888e+00   1.0874054e+00   1.6121954e+03   1.1946531e+03
   8.6300000e-01   1.4659702e+00   1.0882393e+00   1.6164116e+03   1.1992044e+03
   8.6400000e-01   1.4653532e+00   1.0890700e+00   1.6207274e+03   1.2038334e+03
   8.6500000e-01   1.4647378e+00   1.0898974e+00   1.6251452e+03   1.2085422e+03
   8.6600000e-01   1.4641242e+00   1.0907216e+00   1.6296673e+03   1.2133325e+03
   8.6700000e-01   1.4635123e+00   1.0915425e+00   1.6342962e+03   1.2182066e+03
   8.6800000e-01   1.4629022e+00   1.0923601e+00   1.6390346e+03   1.2231664e+03
   8.6900000e-01   1.4622939e+00   1.0931742e+00   1.6438850e+03   1.2282141e+03
   8.7000000e-01   1.4616874e+00   1.0939850e+00   1.6488503e+03   1.2333520e+03
   8.7100000e-01   1.4610828e+00   1.0947924e+00   1.6539332e+03   1.2385824e+03
   8.7200000e-01   1.4604801e+00   1.0955963e+00   1.6591367e+03   1.2439077e+03
   8.7300000e-01   1.4598793e+00   1.0963968e+00   1.6644638e+03   1.2493302e+03
   8.7400000e-01   1.4592804e+00   1.0971937e+00   1.6699175e+03   1.2548526e+03
   8.7500000e-01   1.4586836e+00   1.0979870e+00   1.6755012e+03   1.2604774e+03
   8.7600000e-01   1.4580888e+00   1.0987768e+00   1.6812181e+03   1.2662075e+03
   8.7700000e-01   1.4574960e+00   1.0995629e+00   1.6870716e+03   1.2720455e+03
   8.7800000e-01   1.4569054e+00   1.1003454e+00   1.6930654e+03   1.2779944e+03
   8.7900000e-01   1.4563169e+00   1.1011242e+00   1.6992030e+03   1.2840571e+03
   8.8000000e-01   1.4557305e+00   1.1018992e+00   1.7054883e+03   1.2902368e+03
   8.8100000e-01   1.4551464e+00   1.1026705e+00   1.7119253e+03   1.2965366e+03
   8.8200000e-01   1.4545645e+00   1.1034380e+00   1.7185178e+03   1.3029599e+03
   8.8300000e-01   1.4539849e+00   1.1042016e+00   1.7252703e+03   1.3095102e+03
   8.8400000e-01   1.4534076e+00   1.1049614e+00   1.7321869e+03   1.3161908e+03
   8.8500000e-01   1.4528326e+00   1.1057173e+00   1.7392723e+03   1.3230056e+03
   8.8600000e-01   1.4522601e+00   1.1064692e+00   1.7465310e+03   1.3299583e+03
   8.8700000e-01   1.4516899e+00   1.1072171e+00   1.7539680e+03   1.3370529e+03
   8.8800000e-01   1.4511223e+00   1.1079610e+00   1.7615882e+03   1.3442935e+03
   8.8900000e-01   1.4505571e+00   1.1087008e+00   1.7693968e+03   1.3516842e+03
   8.9000000e-01   1.4499945e+00   1.1094365e+00   1.7773993e+03   1.3592296e+03
   8.9100000e-01   1.4494344e+00   1.1101681e+00   1.7856011e+03   1.3669341e+03
   8.9200000e-01   1.4488770e+00   1.1108954e+00   1.7940081e+03   1.3748025e+03
   8.9300000e-01   1.4483223e+00   1.1116186e+00   1.8026264e+03   1.3828398e+03
   8.9400000e-01   1.4477703e+00   1.1123375e+00   1.8114621e+03   1.3910509e+03
   8.9500000e-01   1.4472210e+00   1.1130520e+00   1.8205218e+03   1.3994413e+03
   8.9600000e-01   1.4466745e+00   1.1137623e+00   1.8298122e+03   1.4080163e+03
   8.9700000e-01   1.4461308e+00   1.1144681e+00   1.8393403e+03   1.4167818e+03
   8.9800000e-01   1.4455900e+00   1.1151695e+00   1.8491134e+03   1.4257437e+03
   8.9900000e-01   1.4450521e+00   1.1158664e+00   1.8591390e+03   1.4349081e+03
   9.0000000e-01   1.4445172e+00   1.1165588e+00   1.8694251e+03   1.4442815e+03
   9.0100000e-01   1.4439853e+00   1.1172466e+00   1.8799798e+03   1.4538707e+03
   9.0200000e-01   1.4434564e+00   1.1179298e+00   1.8908118e+03   1.4636825e+03
   9.0300000e-01   1.4429306e+00   1.1186083e+00   1.9019298e+03   1.4737242e+03
   9.0400000e-01   1.4424080e+00   1.1192822e+00   1.9133432e+03   1.4840035e+03
   9.0500000e-01   1.4418885e+00   1.1199513e+00   1.9250615e+03   1.4945282e+03
   9.0600000e-01   1.4413723e+00   1.1206156e+00   1.9370950e+03   1.5053065e+03
   9.0700000e-01   1.4408593e+00   1.1212751e+00   1.9494541e+03   1.5163470e+03
   9.0800000e-01   1.4403496e+00   1.1219297e+00   1.9621497e+03   1.5276586e+03
   9.0900000e-01   1.4398434e+00   1.1225794e+00   1.9751934e+03   1.5392508e+03
   9.1000000e-01   1.4393405e+00   1.1232241e+00   1.9885971e+03   1.5511333e+03
   9.1100000e-01   1.4388411e+00   1.1238637e+00   2.0023732e+03   1.5633163e+03
   9.1200000e-01   1.4383452e+00   1.1244983e+00   2.0165349e+03   1.5758106e+03
   9.1300000e-01   1.4378528e+00   1.1251278e+00   2.0310958e+03   1.5886271e+03
   9.1400000e-01   1.4373641e+00   1.1257521e+00   2.0460703e+03   1.6017777e+03
   9.1500000e-01   1.4368790e+00   1.1263712e+00   2.0614733e+03   1.6152747e+03
   9.1600000e-01   1.4363976e+00   1.1269850e+00   2.0773206e+03   1.6291307e+03
   9.1700000e-01   1.4359200e+00   1.1275935e+00   2.0936285e+03   1.6433593e+03
   9.1800000e-01   1.4354461e+00   1.1281967e+00   2.1104144e+03   1.6579746e+03
   9.1900000e-01   1.4349762e+00   1.1287944e+00   2.1276963e+03   1.6729913e+03
   9.2000000e-01   1.4345101e+00   1.1293867e+00   2.1454932e+03   1.6884250e+03
   9.2100000e-01   1.4340479e+00   1.1299734e+00   2.1638252e+03   1.7042920e+03
   9.2200000e-01   1.4335898e+00   1.1305546e+00   2.1827133e+03   1.7206094e+03
   9.2300000e-01   1.4331357e+00   1.1311302e+00   2.2021794e+03   1.7373954e+03
   9.2400000e-01   1.4326857e+00   1.1317001e+00   2.2222468e+03   1.7546688e+03
   9.2500000e-01   1.4322398e+00   1.1322643e+00   2.2429401e+03   1.7724498e+03
   9.2600000e-01   1.4317982e+00   1.1328227e+00   2.2642850e+03   1.7907592e+03
   9.2700000e-01   1.4313608e+00   1.1333753e+00   2.2863087e+03   1.8096195e+03
   9.2800000e-01   1.4309277e+00   1.1339220e+00   2.3090399e+03   1.8290539e+03
   9.2900000e-01   1.4304990e+00   1.1344628e+00   2.3325090e+03   1.8490874e+03
   9.3000000e-01   1.4300747e+00   1.1349977e+00   2.3567478e+03   1.8697460e+03
   9.3100000e-01   1.4296548e+00   1.1355265e+00   2.3817905e+03   1.8910574e+03
   9.3200000e-01   1.4292395e+00   1.1360492e+00   2.4076727e+03   1.9130510e+03
   9.3300000e-01   1.4288287e+00   1.1365658e+00   2.4344324e+03   1.9357577e+03
   9.3400000e-01   1.4284226e+00   1.1370762e+00   2.4621101e+03   1.9592106e+03
   9.3500000e-01   1.4280211e+00   1.1375804e+00   2.4907483e+03   1.9834444e+03
   9.3600000e-01   1.4276243e+00   1.1380783e+00   2.5203926e+03   2.0084963e+03
   9.3700000e-01   1.4272323e+00   1.1385698e+00   2.5510910e+03   2.0344056e+03
   9.3800000e-01   1.4268452e+00   1.1390550e+00   2.5828950e+03   2.0612144e+03
   9.3900000e-01   1.4264629e+00   1.1395337e+00   2.6158593e+03   2.0889673e+03
   9.4000000e-01   1.4260855e+00   1.1400059e+00   2.6500421e+03   2.1177119e+03
   9.4100000e-01   1.4257132e+00   1.1404715e+00   2.6855057e+03   2.1474991e+03
   9.4200000e-01   1.4253458e+00   1.1409306e+00   2.7223165e+03   2.1783830e+03
   9.4300000e-01   1.4249836e+00   1.1413830e+00   2.7605456e+03   2.2104219e+03
   9.4400000e-01   1.4246265e+00   1.1418287e+00   2.8002691e+03   2.2436779e+03
   9.4500000e-01   1.4242746e+00   1.1422676e+00   2.8415686e+03   2.2782176e+03
   9.4600000e-01   1.4239279e+00   1.1426998e+00   2.8845318e+03   2.3141126e+03
   9.4700000e-01   1.4235865e+00   1.1431250e+00   2.9292528e+03   2.3514398e+03
   9.4800000e-01   1.4232505e+00   1.1435434e+00   2.9758328e+03   2.3902819e+03
   9.4900000e-01   1.4229198e+00   1.1439548e+00   3.1000000e+03   2.4307282e+03
   9.5000000e-01   1.4225946e+00   1.1443592e+00   3.1000000e+03   2.4728748e+03
   9.5100000e-01   1.4222749e+00   1.1447565e+00   3.1000000e+03   2.5168258e+03
   9.5200000e-01   1.4219607e+00   1.1451467e+00   3.1000000e+03   2.5626936e+03
   9.5300000e-01   1.4216522e+00   1.1455298e+00   3.1000000e+03   2.6106005e+03
   9.5400000e-01   1.4213492e+00   1.1459056e+00   3.1000000e+03   2.6606789e+03
   9.5500000e-01   1.4210520e+00   1.1462742e+00   3.1000000e+03   2.7130729e+03
   9.5600000e-01   1.4207605e+00   1.1466355e+00   3.1000000e+03   2.7679398e+03
   9.5700000e-01   1.4204748e+00   1.1469894e+00   3.1000000e+03   2.8254511e+03
   9.5800000e-01   1.4201949e+00   1.1473359e+00   3.1000000e+03   2.8857945e+03
   9.5900000e-01   1.4199209e+00   1.1476750e+00   3.1000000e+03   2.9491758e+03
   9.6000000e-01   1.4196528e+00   1.1480066e+00   3.1000000e+03   3.1000000e+03
   9.6100000e-01   1.4193907e+00   1.1483306e+00   3.1000000e+03   3.1000000e+03
   9.6200000e-01   1.4191347e+00   1.1486471e+00   3.1000000e+03   3.1000000e+03
   9.6300000e-01   1.4188846e+00   1.1489559e+00   3.1000000e+03   3.1000000e+03
   9.6400000e-01   1.4186407e+00   1.1492571e+00   3.1000000e+03   3.1000000e+03
   9.6500000e-01   1.4184029e+00   1.1495506e+00   3.1000000e+03   3.1000000e+03
   9.6600000e-01   1.4181713e+00   1.1498363e+00   3.1000000e+03   3.1000000e+03
   9.6700000e-01   1.4179460e+00   1.1501142e+00   3.1000000e+03   3.1000000e+03
   9.6800000e-01   1.4177269e+00   1.1503842e+00   3.1000000e+03   3.1000000e+03
   9.6900000e-01   1.4175141e+00   1.1506464e+00   3.1000000e+03   3.1000000e+03
   9.7000000e-01   1.4173076e+00   1.1509007e+00   3.1000000e+03   3.1000000e+03
   9.7100000e-01   1.4171076e+00   1.1511470e+00   3.1000000e+03   3.1000000e+03
   9.7200000e-01   1.4169139e+00   1.1513853e+00   3.1000000e+03   3.1000000e+03
   9.7300000e-01   1.4167268e+00   1.1516157e+00   3.1000000e+03   3.1000000e+03
   9.7400000e-01   1.4165461e+00   1.1518379e+00   3.1000000e+03   3.1000000e+03
   9.7500000e-01   1.4163719e+00   1.1520521e+00   3.1000000e+03   3.1000000e+03
   9.7600000e-01   1.4162043e+00   1.1522581e+00   3.1000000e+03   3.1000000e+03
   9.7700000e-01   1.4160433e+00   1.1524560e+00   3.1000000e+03   3.1000000e+03
   9.7800000e-01   1.4158889e+00   1.1526457e+00   3.1000000e+03   3.1000000e+03
   9.7900000e-01   1.4157411e+00   1.1528272e+00   3.1000000e+03   3.1000000e+03
   9.8000000e-01   1.4156000e+00   1.1530004e+00   3.1000000e+03   3.1000000e+03
   9.8100000e-01   1.4154657e+00   1.1531653e+00   3.1000000e+03   3.1000000e+03
   9.8200000e-01   1.4153380e+00   1.1533220e+00   3.1000000e+03   3.1000000e+03
   9.8300000e-01   1.4152171e+00   1.1534703e+00   3.1000000e+03   3.1000000e+03
   9.8400000e-01   1.4151030e+00   1.1536103e+00   3.1000000e+03   3.1000000e+03
   9.8500000e-01   1.4149957e+00   1.1537419e+00   3.1000000e+03   3.1000000e+03
   9.8600000e-01   1.4148952e+00   1.1538651e+00   3.1000000e+03   3.1000000e+03
   9.8700000e-01   1.4148016e+00   1.1539800e+00   3.1000000e+03   3.1000000e+03
   9.8800000e-01   1.4147148e+00   1.1540863e+00   3.1000000e+03   3.1000000e+03
   9.8900000e-01   1.4146349e+00   1.1541843e+00   3.1000000e+03   3.1000000e+03
   9.9000000e-01   1.4145619e+00   1.1542738e+00   3.1000000e+03   3.1000000e+03
   9.9100000e-01   1.4144958e+00   1.1543548e+00   3.1000000e+03   3.1000000e+03
   9.9200000e-01   1.4144366e+00   1.1544273e+00   3.1000000e+03   3.1000000e+03
   9.9300000e-01   1.4143844e+00   1.1544913e+00   3.1000000e+03   3.1000000e+03
   9.9400000e-01   1.4143391e+00   1.1545468e+00   3.1000000e+03   3.1000000e+03
   9.9500000e-01   1.4143008e+00   1.1545937e+00   3.1000000e+03   3.1000000e+03
   9.9600000e-01   1.4142694e+00   1.1546322e+00   3.1000000e+03   3.1000000e+03
   9.9700000e-01   1.4142450e+00   1.1546621e+00   3.1000000e+03   3.1000000e+03
   9.9800000e-01   1.4142275e+00   1.1546834e+00   3.1000000e+03   3.1000000e+03
   9.9900000e-01   1.4142171e+00   1.1546963e+00   3.1000000e+03   3.1000000e+03
   1.0000000e+00   1.4142136e+00   1.1547005e+00   3.1000000e+03   3.1000000e+03
