   1.0000000e-03   7.8297674e+01  -1.2264160e-01
   1.0090817e-03   7.8297673e+01  -1.2405737e-01
   1.0214505e-03   7.8297672e+01  -1.2494223e-01
   1.0298661e-03   7.8297671e+01  -1.2635801e-01
   1.0427529e-03   7.8297670e+01  -1.2759681e-01
   1.0515247e-03   7.8297669e+01  -1.2901259e-01
   1.0638298e-03   7.8297668e+01  -1.3025139e-01
   1.0764263e-03   7.8297649e+01  -1.3166715e-01
   1.0869565e-03   7.8297648e+01  -1.3325990e-01
   1.0989011e-03   7.8297647e+01  -1.3449870e-01
   1.1123471e-03   7.8297645e+01  -1.3609145e-01
   1.1248594e-03   7.8297644e+01  -1.3733026e-01
   1.1376564e-03   7.8297643e+01  -1.3892300e-01
   1.1481056e-03   7.8297641e+01  -1.4086970e-01
   1.1641444e-03   7.8297640e+01  -1.4210850e-01
   1.1778563e-03   7.8297621e+01  -1.4370123e-01
   1.1918951e-03   7.8297619e+01  -1.4547095e-01
   1.2048193e-03   7.8297617e+01  -1.4741764e-01
   1.2195122e-03   7.8297616e+01  -1.4918736e-01
   1.2360939e-03   7.8297614e+01  -1.5095708e-01
   1.2500000e-03   7.8297612e+01  -1.5272680e-01
   1.2642225e-03   7.8297610e+01  -1.5485047e-01
   1.2820513e-03   7.8297591e+01  -1.5662017e-01
   1.3003901e-03   7.8297589e+01  -1.5838989e-01
   1.3157895e-03   7.8297586e+01  -1.6086749e-01
   1.3333333e-03   7.8297584e+01  -1.6281418e-01
   1.3513514e-03   7.8297564e+01  -1.6511480e-01
   1.3717421e-03   7.8297562e+01  -1.6741544e-01
   1.3908206e-03   7.8297560e+01  -1.6936213e-01
   1.4084507e-03   7.8297557e+01  -1.7166276e-01
   1.4285714e-03   7.8297536e+01  -1.7449429e-01
   1.4492754e-03   7.8297533e+01  -1.7697190e-01
   1.4684288e-03   7.8297529e+01  -1.8051134e-01
   1.4925373e-03   7.8297510e+01  -1.8228104e-01
   1.5128593e-03   7.8297508e+01  -1.8405076e-01
   1.5384615e-03   7.8297503e+01  -1.8759019e-01
   1.5625000e-03   7.8297481e+01  -1.9112961e-01
   1.5873016e-03   7.8297479e+01  -1.9289933e-01
   1.6155089e-03   7.8297457e+01  -1.9643874e-01
   1.6393443e-03   7.8297453e+01  -1.9997818e-01
   1.6666667e-03   7.8297430e+01  -2.0351759e-01
   1.6949153e-03   7.8297426e+01  -2.0705703e-01
   1.7271157e-03   7.8297403e+01  -2.1059644e-01
   1.7543860e-03   7.8297381e+01  -2.1413585e-01
   1.7857143e-03   7.8297376e+01  -2.1767529e-01
   1.8181818e-03   7.8297353e+01  -2.2121470e-01
   1.8518519e-03   7.8297331e+01  -2.2475411e-01
   1.8867925e-03   7.8297305e+01  -2.3006324e-01
   1.9230769e-03   7.8297282e+01  -2.3360264e-01
   1.9569472e-03   7.8297274e+01  -2.3891179e-01
   2.0000000e-03   7.8297251e+01  -2.4245120e-01
   2.0408163e-03   7.8297207e+01  -2.4776030e-01
   2.0833333e-03   7.8297181e+01  -2.5306942e-01
   2.1276596e-03   7.8297155e+01  -2.5837854e-01
   2.1739130e-03   7.8297128e+01  -2.6368765e-01
   2.2222222e-03   7.8297084e+01  -2.6899674e-01
   2.2727273e-03   7.8297054e+01  -2.7607557e-01
   2.3255814e-03   7.8297009e+01  -2.8138465e-01
   2.3809524e-03   7.8296961e+01  -2.8846345e-01
   2.4390244e-03   7.8296912e+01  -2.9554224e-01
   2.5000000e-03   7.8296863e+01  -3.0262103e-01
   2.5641026e-03   7.8296810e+01  -3.1146952e-01
   2.6315789e-03   7.8296743e+01  -3.1854827e-01
   2.7027027e-03   7.8296672e+01  -3.2739672e-01
   2.7777778e-03   7.8296600e+01  -3.3624517e-01
   2.8571429e-03   7.8296528e+01  -3.4509361e-01
   2.9411765e-03   7.8296433e+01  -3.5571171e-01
   3.0303030e-03   7.8296338e+01  -3.6632980e-01
   3.1250000e-03   7.8296224e+01  -3.7694785e-01
   3.2258065e-03   7.8296105e+01  -3.8933558e-01
   3.3333333e-03   7.8295986e+01  -4.0172331e-01
   3.4482759e-03   7.8295825e+01  -4.1588063e-01
   3.5714286e-03   7.8295675e+01  -4.3180768e-01
   3.7037037e-03   7.8295494e+01  -4.4596490e-01
   3.8461538e-03   7.8295284e+01  -4.6366145e-01
   4.0000000e-03   7.8295053e+01  -4.8135791e-01
   4.1666667e-03   7.8294792e+01  -5.0259366e-01
   4.3478261e-03   7.8294492e+01  -5.2382925e-01
   4.5454545e-03   7.8294148e+01  -5.4683433e-01
   4.7619048e-03   7.8293759e+01  -5.7160890e-01
   5.0000000e-03   7.8293299e+01  -5.9992254e-01
   5.2631579e-03   7.8292766e+01  -6.3177519e-01
   5.5555556e-03   7.8292124e+01  -6.6716665e-01
   5.8823529e-03   7.8291360e+01  -7.0432707e-01
   6.2500000e-03   7.8290464e+01  -7.4856542e-01
   6.6666667e-03   7.8289370e+01  -7.9811152e-01
   7.1428571e-03   7.8288010e+01  -8.5473448e-01
   7.6923077e-03   7.8286329e+01  -9.2020334e-01
   8.3333333e-03   7.8284176e+01  -9.9451666e-01
   9.0909091e-03   7.8281394e+01  -1.0829816e+00
   1.0000000e-02   7.8277744e+01  -1.1909041e+00
   1.0090817e-02   7.8277348e+01  -1.2032886e+00
   1.0214505e-02   7.8276891e+01  -1.2121333e+00
   1.0298661e-02   7.8276480e+01  -1.2262872e+00
   1.0427529e-02   7.8275975e+01  -1.2386707e+00
   1.0515247e-02   7.8275544e+01  -1.2528244e+00
   1.0638298e-02   7.8275034e+01  -1.2634381e+00
   1.0764263e-02   7.8274494e+01  -1.2775908e+00
   1.0869565e-02   7.8274027e+01  -1.2935137e+00
   1.0989011e-02   7.8273465e+01  -1.3058965e+00
   1.1123471e-02   7.8272903e+01  -1.3200488e+00
   1.1248594e-02   7.8272291e+01  -1.3359702e+00
   1.1376564e-02   7.8271724e+01  -1.3483528e+00
   1.1481056e-02   7.8271182e+01  -1.3660443e+00
   1.1641444e-02   7.8270471e+01  -1.3784254e+00
   1.1778563e-02   7.8269817e+01  -1.3943461e+00
   1.1918951e-02   7.8269128e+01  -1.4120361e+00
   1.2048193e-02   7.8268420e+01  -1.4314954e+00
   1.2195122e-02   7.8267725e+01  -1.4474155e+00
   1.2360939e-02   7.8266871e+01  -1.4651036e+00
   1.2500000e-02   7.8266121e+01  -1.4845622e+00
   1.2642225e-02   7.8265351e+01  -1.5022508e+00
   1.2820513e-02   7.8264454e+01  -1.5199381e+00
   1.3003901e-02   7.8263486e+01  -1.5411638e+00
   1.3157895e-02   7.8262638e+01  -1.5623904e+00
   1.3333333e-02   7.8261665e+01  -1.5800765e+00
   1.3513514e-02   7.8260635e+01  -1.6013010e+00
   1.3717421e-02   7.8259566e+01  -1.6242945e+00
   1.3908206e-02   7.8258496e+01  -1.6437486e+00
   1.4084507e-02   7.8257330e+01  -1.6702798e+00
   1.4285714e-02   7.8256163e+01  -1.6932716e+00
   1.4492754e-02   7.8254975e+01  -1.7162629e+00
   1.4684288e-02   7.8253707e+01  -1.7445617e+00
   1.4925373e-02   7.8252261e+01  -1.7693192e+00
   1.5128593e-02   7.8251034e+01  -1.7870007e+00
   1.5384615e-02   7.8249387e+01  -1.8223724e+00
   1.5625000e-02   7.8247906e+01  -1.8400504e+00
   1.5873016e-02   7.8246159e+01  -1.8754201e+00
   1.6155089e-02   7.8244369e+01  -1.9107887e+00
   1.6393443e-02   7.8242737e+01  -1.9284638e+00
   1.6666667e-02   7.8240846e+01  -1.9638302e+00
   1.6949153e-02   7.8238894e+01  -1.9991953e+00
   1.7271157e-02   7.8236651e+01  -2.0345561e+00
   1.7543860e-02   7.8234559e+01  -2.0699181e+00
   1.7857143e-02   7.8232177e+01  -2.1052756e+00
   1.8181818e-02   7.8229698e+01  -2.1406311e+00
   1.8518519e-02   7.8227157e+01  -2.1759849e+00
   1.8867925e-02   7.8224252e+01  -2.2290269e+00
   1.9230769e-02   7.8221533e+01  -2.2643763e+00
   1.9569472e-02   7.8218438e+01  -2.3174133e+00
   2.0000000e-02   7.8215204e+01  -2.3527530e+00
   2.0408163e-02   7.8211566e+01  -2.4057791e+00
   2.0833333e-02   7.8207787e+01  -2.4588013e+00
   2.1276596e-02   7.8203884e+01  -2.5118198e+00
   2.1739130e-02   7.8199804e+01  -2.5648337e+00
   2.2222222e-02   7.8195210e+01  -2.6178370e+00
   2.2727273e-02   7.8190404e+01  -2.6708345e+00
   2.3255814e-02   7.8185386e+01  -2.7238260e+00
   2.3809524e-02   7.8179858e+01  -2.7944983e+00
   2.4390244e-02   7.8174085e+01  -2.8651628e+00
   2.5000000e-02   7.8167574e+01  -2.9358099e+00
   2.5641026e-02   7.8160747e+01  -3.0064469e+00
   2.6315789e-02   7.8153624e+01  -3.0770738e+00
   2.7027027e-02   7.8145209e+01  -3.1653608e+00
   2.7777778e-02   7.8136392e+01  -3.2536330e+00
   2.8571429e-02   7.8127100e+01  -3.3418882e+00
   2.9411765e-02   7.8116645e+01  -3.4301105e+00
   3.0303030e-02   7.8105553e+01  -3.5536880e+00
   3.1250000e-02   7.8093157e+01  -3.6418468e+00
   3.2258065e-02   7.8079176e+01  -3.7653326e+00
   3.3333333e-02   7.8064336e+01  -3.8887820e+00
   3.4482759e-02   7.8047668e+01  -4.0121683e+00
   3.5714286e-02   7.8027594e+01  -4.1708162e+00
   3.7037037e-02   7.8005623e+01  -4.3116991e+00
   3.8461538e-02   7.7981189e+01  -4.4878488e+00
   4.0000000e-02   7.7954328e+01  -4.6462059e+00
   4.1666667e-02   7.7923072e+01  -4.8397475e+00
   4.3478261e-02   7.7888923e+01  -5.0508189e+00
   4.5454545e-02   7.7848841e+01  -5.2616251e+00
   4.7619048e-02   7.7804180e+01  -5.5075388e+00
   5.0000000e-02   7.7752462e+01  -5.7884351e+00
   5.2631579e-02   7.7693292e+01  -6.0865790e+00
   5.5555556e-02   7.7623009e+01  -6.4017714e+00
   5.8823529e-02   7.7540586e+01  -6.7692150e+00
   6.2500000e-02   7.7444760e+01  -7.1710771e+00
   6.6666667e-02   7.7327994e+01  -7.6421645e+00
   7.1428571e-02   7.7186622e+01  -8.1643918e+00
   7.6923077e-02   7.6982539e+01  -8.7529386e+00
   8.3333333e-02   7.6731066e+01  -9.4431191e+00
   9.0909091e-02   7.6419765e+01  -1.0250829e+01
   1.0000000e-01   7.6031039e+01  -1.1208663e+01
   1.0101010e-01   7.5986979e+01  -1.1310892e+01
   1.0204082e-01   7.5942296e+01  -1.1413028e+01
   1.0309278e-01   7.5895655e+01  -1.1532544e+01
   1.0416667e-01   7.5848790e+01  -1.1634419e+01
   1.0526316e-01   7.5799017e+01  -1.1753590e+01
   1.0638298e-01   7.5748475e+01  -1.1872642e+01
   1.0752688e-01   7.5697183e+01  -1.1991577e+01
   1.0869565e-01   7.5644181e+01  -1.2110315e+01
   1.0989011e-01   7.5589419e+01  -1.2228850e+01
   1.1111111e-01   7.5533788e+01  -1.2347248e+01
   1.1235955e-01   7.5475856e+01  -1.2482943e+01
   1.1363636e-01   7.5415999e+01  -1.2618402e+01
   1.1494253e-01   7.5355627e+01  -1.2736193e+01
   1.1627907e-01   7.5292774e+01  -1.2871241e+01
   1.1764706e-01   7.5226348e+01  -1.3023438e+01
   1.1904762e-01   7.5160299e+01  -1.3158035e+01
   1.2048193e-01   7.5090525e+01  -1.3309747e+01
   1.2195122e-01   7.5021861e+01  -1.3443925e+01
   1.2345679e-01   7.4950414e+01  -1.3595284e+01
   1.2500000e-01   7.4876585e+01  -1.3746321e+01
   1.2658228e-01   7.4798706e+01  -1.3914392e+01
   1.2820513e-01   7.4721007e+01  -1.4064838e+01
   1.2987013e-01   7.4639050e+01  -1.4232276e+01
   1.3157895e-01   7.4554355e+01  -1.4399316e+01
   1.3333333e-01   7.4466353e+01  -1.4583399e+01
   1.3513514e-01   7.4375858e+01  -1.4749581e+01
   1.3698630e-01   7.4281847e+01  -1.4932755e+01
   1.3888889e-01   7.4184654e+01  -1.5115438e+01
   1.4084507e-01   7.4085477e+01  -1.5297740e+01
   1.4285714e-01   7.3979778e+01  -1.5496666e+01
   1.4492754e-01   7.3870468e+01  -1.5695003e+01
   1.4705882e-01   7.3758814e+01  -1.5892873e+01
   1.4925373e-01   7.3641453e+01  -1.6107368e+01
   1.5151515e-01   7.3518533e+01  -1.6321003e+01
   1.5384615e-01   7.3392874e+01  -1.6534067e+01
   1.5625000e-01   7.3260848e+01  -1.6763587e+01
   1.5873016e-01   7.3122600e+01  -1.6992089e+01
   1.6129032e-01   7.2983084e+01  -1.7202684e+01
   1.6393443e-01   7.2822658e+01  -1.7532498e+01
   1.6666667e-01   7.2678949e+01  -1.7689613e+01
   1.6949153e-01   7.2507259e+01  -1.8017187e+01
   1.7241379e-01   7.2348812e+01  -1.8171803e+01
   1.7543860e-01   7.2164786e+01  -1.8496864e+01
   1.7857143e-01   7.1972071e+01  -1.8820234e+01
   1.8181818e-01   7.1772196e+01  -1.9142054e+01
   1.8518519e-01   7.1585491e+01  -1.9291240e+01
   1.8867925e-01   7.1387144e+01  -1.9612088e+01
   1.9230769e-01   7.1178736e+01  -1.9930927e+01
   1.9607843e-01   7.0966799e+01  -2.0248597e+01
   2.0000000e-01   7.0739837e+01  -2.0563442e+01
   2.0408163e-01   7.0507273e+01  -2.0876716e+01
   2.0833333e-01   7.0232482e+01  -2.1356176e+01
   2.1276596e-01   6.9975862e+01  -2.1664054e+01
   2.1739130e-01   6.9711013e+01  -2.1969771e+01
   2.2222222e-01   6.9391460e+01  -2.2438856e+01
   2.2727273e-01   6.9088349e+01  -2.2736317e+01
   2.3255814e-01   6.8742247e+01  -2.3198231e+01
   2.3809524e-01   6.8417855e+01  -2.3489623e+01
   2.4390244e-01   6.8045132e+01  -2.3943860e+01
   2.5000000e-01   6.7635997e+01  -2.4389884e+01
   2.5641026e-01   6.7215256e+01  -2.4831708e+01
   2.6315789e-01   6.6736758e+01  -2.5432569e+01
   2.7027027e-01   6.6264770e+01  -2.5859958e+01
   2.7777778e-01   6.5775497e+01  -2.6281425e+01
   2.8571429e-01   6.5212374e+01  -2.6856796e+01
   2.9411765e-01   6.4645512e+01  -2.7256596e+01
   3.0303030e-01   6.4019832e+01  -2.7811466e+01
   3.1250000e-01   6.3348095e+01  -2.8352005e+01
   3.2258065e-01   6.2639064e+01  -2.8879361e+01
   3.3333333e-01   6.1884650e+01  -2.9391067e+01
   3.4482759e-01   6.1044898e+01  -3.0046378e+01
   3.5714286e-01   6.0181693e+01  -3.0519336e+01
   3.7037037e-01   5.9222995e+01  -3.1129982e+01
   3.8461538e-01   5.8206367e+01  -3.1716365e+01
   4.0000000e-01   5.7083436e+01  -3.2264371e+01
   4.1666667e-01   5.5903738e+01  -3.2784766e+01
   4.3478261e-01   5.4598442e+01  -3.3422887e+01
   4.5454545e-01   5.3220659e+01  -3.3857455e+01
   4.7619048e-01   5.1719918e+01  -3.4402569e+01
   5.0000000e-01   5.0115486e+01  -3.4893813e+01
   5.2631579e-01   4.8392261e+01  -3.5322346e+01
   5.5555556e-01   4.6545981e+01  -3.5681901e+01
   5.8823529e-01   4.4567443e+01  -3.5963797e+01
   6.2500000e-01   4.2455173e+01  -3.6161099e+01
   6.6666667e-01   4.0241426e+01  -3.6121430e+01
   7.1428571e-01   3.7857121e+01  -3.5971759e+01
   7.6923077e-01   3.5294414e+01  -3.5698261e+01
   8.3333333e-01   3.2599260e+01  -3.5157034e+01
   9.0909091e-01   2.9703668e+01  -3.4461081e+01
   1.0000000e+00   2.6558186e+01  -3.3277279e+01
   1.0101010e+00   2.6253661e+01  -3.3130374e+01
   1.0204082e+00   2.5947115e+01  -3.2981833e+01
   1.0309278e+00   2.5581720e+01  -3.2947584e+01
   1.0416667e+00   2.5327890e+01  -3.2679719e+01
   1.0526316e+00   2.5015213e+01  -3.2526101e+01
   1.0638298e+00   2.4701172e+01  -3.2371080e+01
   1.0752688e+00   2.4384511e+01  -3.2214009e+01
   1.0869565e+00   2.4010029e+01  -3.2168879e+01
   1.0989011e+00   2.3746590e+01  -3.1895238e+01
   1.1111111e+00   2.3424907e+01  -3.1733277e+01
   1.1235955e+00   2.3101826e+01  -3.1569776e+01
   1.1363636e+00   2.2776830e+01  -3.1404448e+01
   1.1494253e+00   2.2450759e+01  -3.1237693e+01
   1.1627907e+00   2.2123097e+01  -3.1069223e+01
   1.1764706e+00   2.1794052e+01  -3.0899117e+01
   1.1904762e+00   2.1463816e+01  -3.0727449e+01
   1.2048193e+00   2.1189092e+01  -3.0446333e+01
   1.2195122e+00   2.0856465e+01  -3.0272074e+01
   1.2345679e+00   2.0580243e+01  -2.9990135e+01
   1.2500000e+00   2.0246172e+01  -2.9813701e+01
   1.2658228e+00   1.9910243e+01  -2.9635227e+01
   1.2820513e+00   1.9633731e+01  -2.9352618e+01
   1.2987013e+00   1.9299213e+01  -2.9173374e+01
   1.3157895e+00   1.8963182e+01  -2.8992202e+01
   1.3333333e+00   1.8698873e+01  -2.8715578e+01
   1.3513514e+00   1.8389366e+01  -2.8547286e+01
   1.3698630e+00   1.8057252e+01  -2.8365590e+01
   1.3888889e+00   1.7751592e+01  -2.8065607e+01
   1.4084507e+00   1.7467236e+01  -2.7777527e+01
   1.4285714e+00   1.7125508e+01  -2.7588092e+01
   1.4492754e+00   1.6848788e+01  -2.7303858e+01
   1.4705882e+00   1.6596701e+01  -2.7033606e+01
   1.4925373e+00   1.6261807e+01  -2.6845582e+01
   1.5151515e+00   1.5957395e+01  -2.6545493e+01
   1.5384615e+00   1.5696670e+01  -2.6270244e+01
   1.5625000e+00   1.5416266e+01  -2.5983997e+01
   1.5873016e+00   1.5127501e+01  -2.5693087e+01
   1.6129032e+00   1.4788484e+01  -2.5498542e+01
   1.6393443e+00   1.4551305e+01  -2.5112215e+01
   1.6666667e+00   1.4211339e+01  -2.4915522e+01
   1.6949153e+00   1.3971875e+01  -2.4529600e+01
   1.7241379e+00   1.3679814e+01  -2.4236915e+01
   1.7543860e+00   1.3396602e+01  -2.3949375e+01
   1.7857143e+00   1.3123726e+01  -2.3667906e+01
   1.8181818e+00   1.2818400e+01  -2.3367250e+01
   1.8518519e+00   1.2580527e+01  -2.2987345e+01
   1.8867925e+00   1.2364345e+01  -2.2622101e+01
   1.9230769e+00   1.2077461e+01  -2.2333837e+01
   1.9607843e+00   1.1788614e+01  -2.2044257e+01
   2.0000000e+00   1.1546615e+01  -2.1666967e+01
   2.0408163e+00   1.1252172e+01  -2.1374532e+01
   2.0833333e+00   1.1009656e+01  -2.0999362e+01
   2.1276596e+00   1.0771920e+01  -2.0628815e+01
   2.1739130e+00   1.0535608e+01  -2.0260861e+01
   2.2222222e+00   1.0311323e+01  -1.9901946e+01
   2.2727273e+00   1.0026321e+01  -1.9617645e+01
   2.3255814e+00   9.8298415e+00  -1.9169236e+01
   2.3809524e+00   9.5830535e+00  -1.8801701e+01
   2.4390244e+00   9.3400981e+00  -1.8438165e+01
   2.5000000e+00   9.0954396e+00  -1.8075221e+01
   2.5641026e+00   8.8983545e+00  -1.7638734e+01
   2.6315789e+00   8.6659401e+00  -1.7287717e+01
   2.7027027e+00   8.4104991e+00  -1.6924076e+01
   2.7777778e+00   8.2607446e+00  -1.6425459e+01
   2.8571429e+00   8.0382416e+00  -1.6087648e+01
   2.9411765e+00   7.8574347e+00  -1.5678722e+01
   3.0303030e+00   7.6596082e+00  -1.5263298e+01
   3.1250000e+00   7.4489569e+00  -1.4843986e+01
   3.2258065e+00   7.2611667e+00  -1.4442802e+01
   3.3333333e+00   7.0615927e+00  -1.4038378e+01
   3.4482759e+00   6.9048738e+00  -1.3572654e+01
   3.5714286e+00   6.7148235e+00  -1.3183469e+01
   3.7037037e+00   6.5454377e+00  -1.2722197e+01
   3.8461538e+00   6.3867813e+00  -1.2274364e+01
   4.0000000e+00   6.2464966e+00  -1.1844494e+01
   4.1666667e+00   6.0888582e+00  -1.1410981e+01
   4.3478261e+00   5.9193558e+00  -1.0977292e+01
   4.5454545e+00   5.8022283e+00  -1.0501068e+01
   4.7619048e+00   5.6493692e+00  -1.0092616e+01
   5.0000000e+00   5.5162344e+00  -9.6254224e+00
   5.2631579e+00   5.3956767e+00  -9.1755958e+00
   5.5555556e+00   5.2738506e+00  -8.7350435e+00
   5.8823529e+00   5.1687820e+00  -8.2423773e+00
   6.2500000e+00   5.0751197e+00  -7.7694132e+00
   6.6666667e+00   4.9800510e+00  -7.3088897e+00
   7.1428571e+00   4.8738021e+00  -6.8557350e+00
   7.6923077e+00   4.8008382e+00  -6.3693907e+00
   8.3333333e+00   4.7400202e+00  -5.9051441e+00
   9.0909091e+00   4.6833993e+00  -5.4583424e+00
   1.0000000e+01   4.6741336e+00  -4.9901509e+00
   1.0515247e+01   4.6696181e+00  -4.8183323e+00
   1.1123471e+01   4.6195592e+00  -4.6520686e+00
   1.1778563e+01   4.5601955e+00  -4.4407579e+00
   1.2500000e+01   4.5163701e+00  -4.2181806e+00
   1.3333333e+01   4.4828687e+00  -3.9986822e+00
   1.4285714e+01   4.4628339e+00  -3.7729212e+00
   1.5384615e+01   4.4558444e+00  -3.5712468e+00
   1.6666667e+01   4.4221158e+00  -3.4087079e+00
   1.7271157e+01   4.4059907e+00  -3.3335951e+00
   1.7857143e+01   4.3883647e+00  -3.2683905e+00
   1.8518519e+01   4.3637657e+00  -3.2013383e+00
   1.9230769e+01   4.3331667e+00  -3.1376977e+00
   2.0000000e+01   4.3005653e+00  -3.0642304e+00
   2.0833333e+01   4.2715627e+00  -2.9829489e+00
   2.1739130e+01   4.2397274e+00  -2.9157779e+00
   2.2727273e+01   4.2020452e+00  -2.8379347e+00
   2.3809524e+01   4.1614652e+00  -2.7599640e+00
   2.5000000e+01   4.1231381e+00  -2.6741834e+00
   2.6315789e+01   4.0882013e+00  -2.5903063e+00
   2.7777778e+01   4.0516718e+00  -2.5068543e+00
   2.9411765e+01   4.0189853e+00  -2.4208690e+00
   3.1250000e+01   3.9810204e+00  -2.3477408e+00
   3.3333333e+01   3.9390638e+00  -2.2698698e+00
   3.4482759e+01   3.9178087e+00  -2.2289889e+00
   3.5714286e+01   3.8952812e+00  -2.1923847e+00
   3.7037037e+01   3.8715750e+00  -2.1513286e+00
   3.8461538e+01   3.8463090e+00  -2.1144514e+00
   4.0000000e+01   3.8174888e+00  -2.0768869e+00
   4.1666667e+01   3.7858571e+00  -2.0345714e+00
   4.3478261e+01   3.7596580e+00  -1.9854067e+00
   4.5454545e+01   3.7320385e+00  -1.9404875e+00
   4.7619048e+01   3.7055423e+00  -1.8961667e+00
   5.0000000e+01   3.6779832e+00  -1.8560855e+00
   5.2631579e+01   3.6493171e+00  -1.8118738e+00
   5.5555556e+01   3.6215023e+00  -1.7640739e+00
   5.8823529e+01   3.6027366e+00  -1.7146087e+00
   6.2500000e+01   3.5825351e+00  -1.6814732e+00
   6.6666667e+01   3.5594757e+00  -1.6478992e+00
   7.1428571e+01   3.5376760e+00  -1.6228809e+00
   7.6923077e+01   3.5107353e+00  -1.6089374e+00
   8.3333333e+01   3.4805970e+00  -1.5943336e+00
   9.0909091e+01   3.4638513e+00  -1.5946742e+00
   1.0000000e+02   3.4148546e+00  -1.6636388e+00
   1.0214505e+02   3.3964248e+00  -1.6793554e+00
   1.0427529e+02   3.3757324e+00  -1.6984628e+00
   1.0638298e+02   3.3512159e+00  -1.7165603e+00
   1.0869565e+02   3.3248495e+00  -1.7301014e+00
   1.1123471e+02   3.2965581e+00  -1.7430451e+00
   1.1376564e+02   3.2641261e+00  -1.7627567e+00
   1.1641444e+02   3.2315279e+00  -1.7743007e+00
   1.1918951e+02   3.1954369e+00  -1.7926808e+00
   1.2195122e+02   3.1530988e+00  -1.8091681e+00
   1.2500000e+02   3.1061129e+00  -1.8162349e+00
   1.2820513e+02   3.0571572e+00  -1.8263864e+00
   1.3157895e+02   3.0019071e+00  -1.8344276e+00
   1.3513514e+02   2.9468646e+00  -1.8266160e+00
   1.3908206e+02   2.8941088e+00  -1.8269225e+00
   1.4285714e+02   2.8402595e+00  -1.8227600e+00
   1.4684288e+02   2.7817316e+00  -1.8207210e+00
   1.5128593e+02   2.7174372e+00  -1.8089953e+00
   1.5625000e+02   2.6476611e+00  -1.7952501e+00
   1.6155089e+02   2.5812288e+00  -1.7747342e+00
   1.6666667e+02   2.5090619e+00  -1.7558438e+00
   1.7271157e+02   2.4283489e+00  -1.7193510e+00
   1.7857143e+02   2.3554134e+00  -1.6709700e+00
   1.8518519e+02   2.2831896e+00  -1.6196371e+00
   1.9230769e+02   2.2100222e+00  -1.5580870e+00
   2.0000000e+02   2.1510678e+00  -1.4713256e+00
   2.0408163e+02   2.1263855e+00  -1.4334587e+00
   2.0833333e+02   2.1014630e+00  -1.3925692e+00
   2.1276596e+02   2.0776248e+00  -1.3458683e+00
   2.1739130e+02   2.0616483e+00  -1.2955023e+00
   2.2222222e+02   2.0499765e+00  -1.2469299e+00
   2.2727273e+02   2.0436061e+00  -1.1971244e+00
   2.3255814e+02   2.0420677e+00  -1.1490597e+00
   2.3809524e+02   2.0422261e+00  -1.1049411e+00
   2.4390244e+02   2.0486383e+00  -1.0595110e+00
   2.5000000e+02   2.0619259e+00  -1.0158808e+00
   2.5641026e+02   2.0749458e+00  -9.8154605e-01
   2.6315789e+02   2.0916178e+00  -9.4488183e-01
   2.7027027e+02   2.1161468e+00  -9.1285836e-01
   2.7777778e+02   2.1395286e+00  -8.9279008e-01
   2.8571429e+02   2.1615331e+00  -8.7537629e-01
   2.9411765e+02   2.1859569e+00  -8.6137823e-01
   3.0303030e+02   2.2056891e+00  -8.5572351e-01
   3.1250000e+02   2.2291919e+00  -8.5068256e-01
   3.2258065e+02   2.2545752e+00  -8.5219155e-01
   3.3333333e+02   2.2782362e+00  -8.6602200e-01
   3.4482759e+02   2.2962727e+00  -8.9165632e-01
   3.5714286e+02   2.3015561e+00  -9.2467066e-01
   3.7037037e+02   2.2960881e+00  -9.5893540e-01
   3.8461538e+02   2.2798540e+00  -9.9747568e-01
   4.0000000e+02   2.2524465e+00  -1.0335138e+00
   4.1666667e+02   2.2176820e+00  -1.0643991e+00
   4.3478261e+02   2.1677060e+00  -1.1009079e+00
   4.5454545e+02   2.1098823e+00  -1.1155700e+00
   4.7619048e+02   2.0554209e+00  -1.1335415e+00
   5.0000000e+02   1.9975836e+00  -1.1561922e+00
   5.0000000e+02   1.9995240e+00  -1.1535666e+00
   5.0251256e+02   1.9931394e+00  -1.1644351e+00
   5.0251256e+02   1.9960640e+00  -1.1589300e+00
   5.0505051e+02   1.9805893e+00  -1.1736059e+00
   5.0505051e+02   1.9881962e+00  -1.1693892e+00
   5.0761421e+02   1.9719409e+00  -1.1712336e+00
   5.1020408e+02   1.9654521e+00  -1.1757275e+00
   5.1020408e+02   1.9690909e+00  -1.1735908e+00
   5.1282051e+02   1.9539470e+00  -1.1819504e+00
   5.1282051e+02   1.9593358e+00  -1.1771736e+00
   5.1282051e+02   1.9625182e+00  -1.1749167e+00
   5.1546392e+02   1.9423860e+00  -1.1849854e+00
   5.1546392e+02   1.9479581e+00  -1.1834135e+00
   5.1813472e+02   1.9359586e+00  -1.1863086e+00
   5.2083333e+02   1.9247425e+00  -1.1862661e+00
   5.2083333e+02   1.9279810e+00  -1.1840566e+00
   5.2356021e+02   1.9112356e+00  -1.1917908e+00
   5.2356021e+02   1.9159610e+00  -1.1900183e+00
   5.2356021e+02   1.9205088e+00  -1.1881895e+00
   5.2631579e+02   1.8992856e+00  -1.1977164e+00
   5.2631579e+02   1.9068665e+00  -1.1936597e+00
   5.2910053e+02   1.8886982e+00  -1.1946530e+00
   5.3191489e+02   1.8781832e+00  -1.1978183e+00
   5.3191489e+02   1.8843115e+00  -1.1964923e+00
   5.3475936e+02   1.8636637e+00  -1.1997787e+00
   5.3475936e+02   1.8692875e+00  -1.1983249e+00
   5.3475936e+02   1.8737239e+00  -1.1965166e+00
   5.3763441e+02   1.8567427e+00  -1.2008419e+00
   5.4054054e+02   1.8377736e+00  -1.1983188e+00
   5.4054054e+02   1.8435833e+00  -1.1969510e+00
   5.4054054e+02   1.8471758e+00  -1.1980144e+00
   5.4347826e+02   1.8240772e+00  -1.1973235e+00
   5.4347826e+02   1.8305133e+00  -1.1992456e+00
   5.4644809e+02   1.8150748e+00  -1.1946298e+00
   5.4945055e+02   1.7984218e+00  -1.1957681e+00
   5.4945055e+02   1.8045385e+00  -1.1945411e+00
   5.4945055e+02   1.8095058e+00  -1.1960353e+00
   5.5248619e+02   1.7922874e+00  -1.1939134e+00
   5.5555556e+02   1.7788878e+00  -1.1898521e+00
   5.5555556e+02   1.7825207e+00  -1.1909545e+00
   5.5865922e+02   1.7617797e+00  -1.1907433e+00
   5.5865922e+02   1.7683927e+00  -1.1897132e+00
   5.5865922e+02   1.7734006e+00  -1.1912400e+00
   5.6179775e+02   1.7529543e+00  -1.1849940e+00
   5.6497175e+02   1.7374655e+00  -1.1863090e+00
   5.6497175e+02   1.7434767e+00  -1.1851248e+00
   5.6497175e+02   1.7481506e+00  -1.1865621e+00
   5.6818182e+02   1.7313310e+00  -1.1844130e+00
   5.7142857e+02   1.7114216e+00  -1.1812584e+00
   5.7142857e+02   1.7173484e+00  -1.1800799e+00
   5.7142857e+02   1.7212960e+00  -1.1813048e+00
   5.7471264e+02   1.7052615e+00  -1.1793373e+00
   5.7803468e+02   1.6843878e+00  -1.1758083e+00
   5.7803468e+02   1.6906978e+00  -1.1747830e+00
   5.7803468e+02   1.6949173e+00  -1.1761044e+00
   5.8139535e+02   1.6773833e+00  -1.1736033e+00
   5.8479532e+02   1.6559303e+00  -1.1668239e+00
   5.8479532e+02   1.6627992e+00  -1.1689989e+00
   5.8479532e+02   1.6685059e+00  -1.1678092e+00
   5.8823529e+02   1.6461188e+00  -1.1607316e+00
   5.9171598e+02   1.6308050e+00  -1.1588337e+00
   5.9171598e+02   1.6376383e+00  -1.1580392e+00
   5.9171598e+02   1.6417896e+00  -1.1593579e+00
   5.9523810e+02   1.6194710e+00  -1.1522502e+00
   5.9880240e+02   1.6085292e+00  -1.1487496e+00
   5.9880240e+02   1.6144385e+00  -1.1506415e+00
   6.0240964e+02   1.5922860e+00  -1.1259160e+00
   6.0240964e+02   1.5938543e+00  -1.1410959e+00
   6.0240964e+02   1.5986912e+00  -1.1426479e+00
   6.0606061e+02   1.5779976e+00  -1.1330641e+00
   6.0975610e+02   1.5633035e+00  -1.1254077e+00
   6.0975610e+02   1.5679932e+00  -1.1269191e+00
   6.0975610e+02   1.5723183e+00  -1.1312349e+00
   6.1349693e+02   1.5494601e+00  -1.1180279e+00
   6.1349693e+02   1.5541854e+00  -1.1195537e+00
   6.1728395e+02   1.5436381e+00  -1.1161452e+00
   6.2111801e+02   1.5281596e+00  -1.1053464e+00
   6.2111801e+02   1.5325009e+00  -1.1096419e+00
   6.2500000e+02   1.5089845e+00  -1.0962480e+00
   6.2500000e+02   1.5153237e+00  -1.0983056e+00
   6.2500000e+02   1.5201029e+00  -1.0998544e+00
   6.2893082e+02   1.4990226e+00  -1.0901425e+00
   6.3291139e+02   1.4891864e+00  -1.0840838e+00
   6.3291139e+02   1.4938918e+00  -1.0884728e+00
   6.3694268e+02   1.4704388e+00  -1.0722862e+00
   6.3694268e+02   1.4757532e+00  -1.0740167e+00
   6.3694268e+02   1.4797168e+00  -1.0781507e+00
   6.4102564e+02   1.4571583e+00  -1.0594726e+00
   6.4102564e+02   1.4608236e+00  -1.0634899e+00
   6.4516129e+02   1.4433243e+00  -1.0493430e+00
   6.4516129e+02   1.4480104e+00  -1.0536789e+00
   6.4935065e+02   1.4391960e+00  -1.0451946e+00
   6.5359477e+02   1.4275060e+00  -1.0358019e+00
   6.5359477e+02   1.4323325e+00  -1.0373672e+00
   6.5789474e+02   1.4143422e+00  -1.0231793e+00
   6.5789474e+02   1.4183149e+00  -1.0272461e+00
   6.6225166e+02   1.3977344e+00  -1.0094990e+00
   6.6225166e+02   1.4027379e+00  -1.0138802e+00
   6.6225166e+02   1.4075657e+00  -1.0154411e+00
   6.6666667e+02   1.3843102e+00  -9.9965179e-01
   6.6666667e+02   1.3884079e+00  -1.0037263e+00
   6.7114094e+02   1.3722053e+00  -9.8752500e-01
   6.7114094e+02   1.3762239e+00  -9.9155600e-01
   6.7567568e+02   1.3600989e+00  -9.7545175e-01
   6.7567568e+02   1.3641526e+00  -9.7947602e-01
   6.8027211e+02   1.3475630e+00  -9.6329488e-01
   6.8027211e+02   1.3518321e+00  -9.6737008e-01
   6.8493151e+02   1.3332808e+00  -9.5063436e-01
   6.8493151e+02   1.3371111e+00  -9.5724283e-01
   6.8965517e+02   1.3239382e+00  -9.3693394e-01
   6.8965517e+02   1.3272531e+00  -9.4066387e-01
   6.9444444e+02   1.3112827e+00  -9.2491819e-01
   6.9444444e+02   1.3152601e+00  -9.2884070e-01
   6.9930070e+02   1.3001871e+00  -9.1080825e-01
   6.9930070e+02   1.3033764e+00  -9.1710662e-01
   7.0422535e+02   1.2880905e+00  -8.9909346e-01
   7.0422535e+02   1.2921719e+00  -9.0300774e-01
   7.0921986e+02   1.2755415e+00  -8.8467998e-01
   7.0921986e+02   1.2795556e+00  -8.9116645e-01
   7.1428571e+02   1.2627829e+00  -8.7028909e-01
   7.1428571e+02   1.2667089e+00  -8.7670760e-01
   7.1942446e+02   1.2556679e+00  -8.6031449e-01
   7.2463768e+02   1.2440989e+00  -8.4387528e-01
   7.2463768e+02   1.2474410e+00  -8.5004044e-01
   7.2992701e+02   1.2329784e+00  -8.2769173e-01
   7.2992701e+02   1.2366512e+00  -8.3391416e-01
   7.3529412e+02   1.2167086e+00  -8.0249857e-01
   7.3529412e+02   1.2241470e+00  -8.0978470e-01
   7.3529412e+02   1.2267386e+00  -8.1563204e-01
   7.4074074e+02   1.2060445e+00  -7.8174704e-01
   7.4074074e+02   1.2086326e+00  -7.9002710e-01
   7.4626866e+02   1.2000762e+00  -7.7001120e-01
   7.5187970e+02   1.1902534e+00  -7.4980087e-01
   7.5187970e+02   1.1926339e+00  -7.5790819e-01
   7.5757576e+02   1.1770939e+00  -7.1905079e-01
   7.5757576e+02   1.1812301e+00  -7.3245095e-01
   7.5757576e+02   1.1837043e+00  -7.4052400e-01
   7.6335878e+02   1.1691673e+00  -6.9740142e-01
   7.6335878e+02   1.1703725e+00  -7.0743258e-01
   7.6923077e+02   1.1653984e+00  -6.8670500e-01
   7.7519380e+02   1.1556885e+00  -6.5294640e-01
   7.7519380e+02   1.1583333e+00  -6.6558479e-01
   7.7519380e+02   1.1599089e+00  -6.7319372e-01
   7.8125000e+02   1.1492228e+00  -6.2991143e-01
   7.8125000e+02   1.1498643e+00  -6.3954374e-01
   7.8740157e+02   1.1485004e+00  -6.1793087e-01
   7.9365079e+02   1.1394308e+00  -5.8059038e-01
   7.9365079e+02   1.1394349e+00  -5.9223901e-01
   7.9365079e+02   1.1451182e+00  -6.0533395e-01
   8.0000000e+02   1.1385472e+00  -5.6876970e-01
   8.0645161e+02   1.1317791e+00  -5.4181800e-01
   8.0645161e+02   1.1323062e+00  -5.2817468e-01
   8.0645161e+02   1.1364246e+00  -5.5439536e-01
   8.1300813e+02   1.1343952e+00  -5.1491094e-01
   8.1967213e+02   1.1318539e+00  -4.8707098e-01
   8.1967213e+02   1.1334429e+00  -4.7381123e-01
   8.1967213e+02   1.1345919e+00  -5.0127166e-01
   8.2644628e+02   1.1392078e+00  -4.5913305e-01
   8.2644628e+02   1.1415580e+00  -4.4604966e-01
   8.3333333e+02   1.1430118e+00  -4.3281704e-01
   8.4033613e+02   1.1425011e+00  -4.1925892e-01
   8.4033613e+02   1.1454568e+00  -4.0634128e-01
   8.4033613e+02   1.1536560e+00  -3.9206232e-01
   8.4745763e+02   1.1591803e+00  -3.7953646e-01
   8.5470085e+02   1.1649805e+00  -3.6702590e-01
   8.5470085e+02   1.1713338e+00  -3.5456584e-01
   8.6206897e+02   1.1767161e+00  -3.4416535e-01
   8.6206897e+02   1.1793925e+00  -3.3336154e-01
   8.6206897e+02   1.1829038e+00  -3.2266588e-01
   8.6956522e+02   1.1913875e+00  -3.1260022e-01
   8.6956522e+02   1.1979657e+00  -3.0223762e-01
   8.7719298e+02   1.2043989e+00  -2.9181530e-01
   8.7719298e+02   1.2108127e+00  -2.8134920e-01
   8.8495575e+02   1.2179576e+00  -2.7092150e-01
   8.9285714e+02   1.2257234e+00  -2.6050963e-01
   8.9285714e+02   1.2328187e+00  -2.5222933e-01
   9.0090090e+02   1.2401412e+00  -2.4166966e-01
   9.0090090e+02   1.2480904e+00  -2.3337808e-01
   9.0909091e+02   1.2566737e+00  -2.2509320e-01
   9.0909091e+02   1.2644580e+00  -2.1850470e-01
   9.1743119e+02   1.2714629e+00  -2.1112764e-01
   9.1743119e+02   1.2788604e+00  -2.0351477e-01
   9.2592593e+02   1.2861328e+00  -1.9676536e-01
   9.2592593e+02   1.2935143e+00  -1.8906920e-01
   9.3457944e+02   1.3014871e+00  -1.8206128e-01
   9.3457944e+02   1.3096627e+00  -1.7548473e-01
   9.4339623e+02   1.3179296e+00  -1.6933417e-01
   9.4339623e+02   1.3263269e+00  -1.6361494e-01
   9.5238095e+02   1.3345307e+00  -1.5854298e-01
   9.5238095e+02   1.3425728e+00  -1.5366132e-01
   9.6153846e+02   1.3507197e+00  -1.4875409e-01
   9.6153846e+02   1.3588838e+00  -1.4451843e-01
   9.6153846e+02   1.3672359e+00  -1.4049924e-01
   9.7087379e+02   1.3752811e+00  -1.3737929e-01
   9.7087379e+02   1.3853626e+00  -1.3268334e-01
   9.8039216e+02   1.3911443e+00  -1.3698359e-01
   9.9009901e+02   1.3987248e+00  -1.2738764e-01
   9.9009901e+02   1.4070584e+00  -1.2514827e-01
   1.0000000e+03   1.4142221e+00  -1.2308054e-01
   1.0000000e+03   1.4210597e+00  -1.2122546e-01
   1.0050251e+03   1.4277533e+00  -1.1959320e-01
   1.0090817e+03   1.4342115e+00  -1.1818196e-01
   1.0162602e+03   1.4429999e+00  -1.1661612e-01
   1.0214505e+03   1.4484655e+00  -1.1514743e-01
   1.0256410e+03   1.4539670e+00  -1.1391522e-01
   1.0298661e+03   1.4592894e+00  -1.1267032e-01
   1.0351967e+03   1.4645697e+00  -1.1141826e-01
   1.0427529e+03   1.4720651e+00  -1.1024355e-01
   1.0471204e+03   1.4769376e+00  -1.0872068e-01
   1.0515247e+03   1.4818368e+00  -1.0792481e-01
   1.0593220e+03   1.4887091e+00  -1.0670745e-01
   1.0638298e+03   1.4931180e+00  -1.0588573e-01
   1.0695187e+03   1.4974105e+00  -1.0505687e-01
   1.0764263e+03   1.5036587e+00  -1.0380141e-01
   1.0810811e+03   1.5076669e+00  -1.0320148e-01
   1.0869565e+03   1.5118150e+00  -1.0211150e-01
   1.0940919e+03   1.5177590e+00  -1.0132457e-01
   1.0989011e+03   1.5214500e+00  -1.0045916e-01
   1.1037528e+03   1.5252241e+00  -9.9593954e-02
   1.1123471e+03   1.5307103e+00  -9.8781388e-02
   1.1173184e+03   1.5343588e+00  -9.7906438e-02
   1.1248594e+03   1.5395969e+00  -9.7327642e-02
   1.1299435e+03   1.5430191e+00  -9.6440426e-02
   1.1376564e+03   1.5480301e+00  -9.5599949e-02
   1.1428571e+03   1.5513011e+00  -9.4952439e-02
   1.1481056e+03   1.5546602e+00  -9.4305935e-02
   1.1560694e+03   1.5594767e+00  -9.3701475e-02
   1.1641444e+03   1.5641075e+00  -9.2838521e-02
   1.1695906e+03   1.5671567e+00  -9.2427489e-02
   1.1778563e+03   1.5717356e+00  -9.1558060e-02
   1.1834320e+03   1.5746640e+00  -9.1391955e-02
   1.1918951e+03   1.5789340e+00  -9.0509184e-02
   1.1961722e+03   1.5818863e+00  -9.0089984e-02
   1.2048193e+03   1.5860882e+00  -8.9705094e-02
   1.2135922e+03   1.5901059e+00  -8.9061053e-02
   1.2195122e+03   1.5928358e+00  -8.8631993e-02
   1.2269939e+03   1.5967940e+00  -8.8235925e-02
   1.2360939e+03   1.6006709e+00  -8.7836249e-02
   1.2422360e+03   1.6032297e+00  -8.7399333e-02
   1.2500000e+03   1.6070609e+00  -8.6995982e-02
   1.2594458e+03   1.6107544e+00  -8.6587607e-02
   1.2642225e+03   1.6131303e+00  -8.6142815e-02
   1.2738854e+03   1.6167262e+00  -8.5729565e-02
   1.2820513e+03   1.6203311e+00  -8.5315321e-02
   1.2919897e+03   1.6239975e+00  -8.4646322e-02
   1.3003901e+03   1.6276419e+00  -8.4485764e-02
   1.3054830e+03   1.6299542e+00  -8.4290118e-02
   1.3157895e+03   1.6335069e+00  -8.3870125e-02
   1.3245033e+03   1.6370619e+00  -8.3705133e-02
   1.3333333e+03   1.6405337e+00  -8.3537370e-02
   1.3422819e+03   1.6440219e+00  -8.3369390e-02
   1.3513514e+03   1.6473803e+00  -8.3197498e-02
   1.3605442e+03   1.6508037e+00  -8.3026633e-02
   1.3717421e+03   1.6543645e+00  -8.2858586e-02
   1.3812155e+03   1.6577629e+00  -8.2943594e-02
   1.3908206e+03   1.6612602e+00  -8.2514944e-02
   1.4005602e+03   1.6648722e+00  -8.2604544e-02
   1.4084507e+03   1.6684803e+00  -8.2693952e-02
   1.4184397e+03   1.6724066e+00  -8.2532254e-02
   1.4285714e+03   1.6765009e+00  -8.2892352e-02
   1.4388489e+03   1.6805327e+00  -8.3251414e-02
   1.4492754e+03   1.6847590e+00  -8.3615801e-02
   1.4598540e+03   1.6892753e+00  -8.4248100e-02
   1.4684288e+03   1.6938704e+00  -8.5404706e-02
   1.4814815e+03   1.7006794e+00  -8.6359290e-02
   1.4925373e+03   1.7063710e+00  -8.8072658e-02
   1.5037594e+03   1.7123457e+00  -9.0322449e-02
   1.5128593e+03   1.7185131e+00  -9.3371965e-02
   1.5267176e+03   1.7274050e+00  -9.8086840e-02
   1.5384615e+03   1.7348652e+00  -1.0330972e-01
   1.5479876e+03   1.7418885e+00  -1.1039112e-01
   1.5625000e+03   1.7537097e+00  -1.1898841e-01
   1.5748031e+03   1.7644340e+00  -1.3159496e-01
   1.5873016e+03   1.7809897e+00  -1.5227596e-01
   1.6000000e+03   1.7904026e+00  -1.8624096e-01
   1.6155089e+03   1.7921776e+00  -2.3585416e-01
   1.6260163e+03   1.7555329e+00  -3.1124831e-01
   1.6393443e+03   1.6606774e+00  -3.3937227e-01
   1.6528926e+03   1.5933632e+00  -3.1711475e-01
   1.6666667e+03   1.5332570e+00  -2.6597247e-01
   1.6778523e+03   1.5100756e+00  -2.1311732e-01
   1.6949153e+03   1.5072826e+00  -1.5292355e-01
   1.7094017e+03   1.5231019e+00  -1.0669501e-01
   1.7271157e+03   1.5420753e+00  -8.1739326e-02
   1.7391304e+03   1.5578126e+00  -6.1919152e-02
   1.7543860e+03   1.5785913e+00  -5.1017310e-02
   1.7699115e+03   1.5948783e+00  -4.1931401e-02
   1.7857143e+03   1.6096569e+00  -3.6033977e-02
   1.8018018e+03   1.6226191e+00  -3.2101852e-02
   1.8181818e+03   1.6338933e+00  -2.9656351e-02
   1.8348624e+03   1.6439048e+00  -2.7695390e-02
   1.8518519e+03   1.6529930e+00  -2.6486017e-02
   1.8691589e+03   1.6614621e+00  -2.5470936e-02
   1.8867925e+03   1.6694705e+00  -2.5299651e-02
   1.9047619e+03   1.6767535e+00  -2.5639673e-02
   1.9230769e+03   1.6835340e+00  -2.6210510e-02
   1.9417476e+03   1.6896536e+00  -2.7558092e-02
   1.9569472e+03   1.6949897e+00  -2.8903623e-02
   1.9801980e+03   1.7009497e+00  -3.0780489e-02
   2.0000000e+03   1.7051819e+00  -3.2385948e-02
   2.0202020e+03   1.7086734e+00  -3.4249374e-02
   2.0408163e+03   1.7125603e+00  -3.5858928e-02
   2.0618557e+03   1.7151617e+00  -3.7719965e-02
   2.0833333e+03   1.7175968e+00  -3.9319710e-02
   2.1052632e+03   1.7188688e+00  -4.0645588e-02
   2.1276596e+03   1.7196572e+00  -4.1179561e-02
   2.1505376e+03   1.7200228e+00  -4.0659228e-02
   2.1739130e+03   1.7205638e+00  -3.8566479e-02
   2.1978022e+03   1.7224267e+00  -3.5699538e-02
   2.2222222e+03   1.7253570e+00  -3.2576958e-02
   2.2471910e+03   1.7288846e+00  -2.9980176e-02
   2.2727273e+03   1.7327976e+00  -2.7117799e-02
   2.2988506e+03   1.7373352e+00  -2.4543264e-02
   2.3255814e+03   1.7421913e+00  -2.2307121e-02
   2.3529412e+03   1.7473777e+00  -2.0092971e-02
   2.3809524e+03   1.7529207e+00  -1.8218199e-02
   2.4096386e+03   1.7587227e+00  -1.6497717e-02
   2.4390244e+03   1.7648913e+00  -1.4932385e-02
   2.4691358e+03   1.7726082e+00  -1.3500426e-02
   2.5000000e+03   1.7793454e+00  -1.2272147e-02
   2.5316456e+03   1.7866373e+00  -1.1120995e-02
   2.5641026e+03   1.7960519e+00  -1.0185322e-02
   2.5974026e+03   1.8062106e+00  -9.4883435e-03
   2.6315789e+03   1.8154563e+00  -9.1622724e-03
   2.6666667e+03   1.8275977e+00  -9.1928588e-03
   2.7027027e+03   1.8412651e+00  -9.7699464e-03
   2.7397260e+03   1.8565137e+00  -1.1527139e-02
   2.7777778e+03   1.8737594e+00  -1.4099289e-02
   2.8169014e+03   1.8935831e+00  -1.8687329e-02
   2.8571429e+03   1.9159575e+00  -2.5995520e-02
   2.8985507e+03   1.9409992e+00  -3.6782064e-02
   2.9411765e+03   1.9732935e+00  -5.4790125e-02
   2.9850746e+03   2.0073892e+00  -7.3970741e-02
   3.0303030e+03   2.0509382e+00  -1.0572477e-01
   3.0769231e+03   2.0970532e+00  -1.7711778e-01
   3.1250000e+03   2.1275088e+00  -2.7008927e-01
   3.1746032e+03   2.1331394e+00  -3.9602331e-01
   3.2258065e+03   2.0714778e+00  -5.5757299e-01
   3.2786885e+03   1.9357938e+00  -6.7770048e-01
   3.3333333e+03   1.7564004e+00  -7.3598685e-01
   3.3444816e+03   1.7069943e+00  -7.2598595e-01
   3.3557047e+03   1.6829222e+00  -7.3212312e-01
   3.3783784e+03   1.6046622e+00  -7.3193777e-01
   3.3783784e+03   1.6332949e+00  -7.2718740e-01
   3.3898305e+03   1.5741228e+00  -7.2527129e-01
   3.4013605e+03   1.5191317e+00  -7.0780360e-01
   3.4129693e+03   1.4892868e+00  -7.0116088e-01
   3.4246575e+03   1.4380650e+00  -6.6893178e-01
   3.4246575e+03   1.4615058e+00  -6.8449822e-01
   3.4482759e+03   1.3635865e+00  -6.1707872e-01
   3.4482759e+03   1.3890438e+00  -6.4024106e-01
   3.4602076e+03   1.3432172e+00  -5.9033866e-01
   3.4722222e+03   1.3316140e+00  -5.6329719e-01
   3.4843206e+03   1.2986677e+00  -5.3236638e-01
   3.4965035e+03   1.2698373e+00  -4.7196454e-01
   3.4965035e+03   1.2802344e+00  -5.0239582e-01
   3.5087719e+03   1.2674098e+00  -4.4324577e-01
   3.5211268e+03   1.2520732e+00  -4.0800456e-01
   3.5335689e+03   1.2434191e+00  -3.7659268e-01
   3.5460993e+03   1.2426989e+00  -3.4660811e-01
   3.5460993e+03   1.2466583e+00  -3.1965109e-01
   3.5587189e+03   1.2561549e+00  -2.9564421e-01
   3.5714286e+03   1.2610796e+00  -2.7333368e-01
   3.5842294e+03   1.2588430e+00  -2.5257299e-01
   3.5842294e+03   1.2618875e+00  -2.3010364e-01
   3.5971223e+03   1.2703338e+00  -2.1012364e-01
   3.6101083e+03   1.2762137e+00  -1.8917393e-01
   3.6231884e+03   1.2752344e+00  -1.6839860e-01
   3.6363636e+03   1.2791727e+00  -1.4681866e-01
   3.6363636e+03   1.2879088e+00  -1.2452566e-01
   3.6496350e+03   1.3021849e+00  -1.0552708e-01
   3.6630037e+03   1.3199522e+00  -8.7363520e-02
   3.6764706e+03   1.3283278e+00  -6.5022206e-02
   3.6764706e+03   1.3474845e+00  -4.7600713e-02
   3.6900369e+03   1.3659205e+00  -4.3482113e-02
   3.7037037e+03   1.3793739e+00  -3.8526290e-02
   3.7037037e+03   1.3921001e+00  -3.4218898e-02
   3.7174721e+03   1.4113894e+00  -3.0177410e-02
   3.7313433e+03   1.4192999e+00  -2.5019190e-02
   3.7453184e+03   1.4287646e+00  -2.0440314e-02
   3.7453184e+03   1.4382405e+00  -1.7557591e-02
   3.7593985e+03   1.4470517e+00  -1.5109065e-02
   3.7735849e+03   1.4556593e+00  -1.2958014e-02
   3.7735849e+03   1.4639654e+00  -1.1688156e-02
   3.7878788e+03   1.4779050e+00  -1.0600895e-02
   3.8022814e+03   1.4836979e+00  -9.7933471e-03
   3.8167939e+03   1.4896948e+00  -8.0555310e-03
   3.8167939e+03   1.4959207e+00  -7.2895687e-03
   3.8314176e+03   1.5018013e+00  -6.6176082e-03
   3.8314176e+03   1.5074101e+00  -6.3352880e-03
   3.8610039e+03   1.5174089e+00  -6.1098966e-03
   3.8610039e+03   1.5219580e+00  -5.9956799e-03
   3.8759690e+03   1.5262717e+00  -5.9053363e-03
   3.8759690e+03   1.5303837e+00  -5.7895765e-03
   3.8910506e+03   1.5342980e+00  -5.7226554e-03
   3.9062500e+03   1.5380090e+00  -5.6303582e-03
   3.9215686e+03   1.5450792e+00  -5.3200999e-03
   3.9370079e+03   1.5516944e+00  -5.1570821e-03
   3.9525692e+03   1.5578169e+00  -5.0424331e-03
   3.9682540e+03   1.5634537e+00  -4.9765243e-03
   3.9840637e+03   1.5661108e+00  -4.8806355e-03
   4.0000000e+03   1.5711709e+00  -4.7631670e-03
   4.0160643e+03   1.5758928e+00  -4.5443561e-03
   4.0322581e+03   1.5803025e+00  -4.2992888e-03
   4.0485830e+03   1.5824835e+00  -3.9751820e-03
   4.0650407e+03   1.5867991e+00  -3.7034680e-03
   4.0816327e+03   1.5908683e+00  -3.4055019e-03
   4.0983607e+03   1.5947229e+00  -3.1570600e-03
   4.1152263e+03   1.5966255e+00  -2.9062271e-03
   4.1322314e+03   1.6003731e+00  -2.7072263e-03
   4.1493776e+03   1.6038946e+00  -2.5075710e-03
   4.1666667e+03   1.6072831e+00  -2.3048368e-03
   4.1841004e+03   1.6105100e+00  -2.1548622e-03
   4.2016807e+03   1.6120918e+00  -2.0111763e-03
   4.2194093e+03   1.6151913e+00  -1.8885604e-03
   4.2372881e+03   1.6181413e+00  -1.7427249e-03
   4.2553191e+03   1.6209971e+00  -1.6194900e-03
   4.2735043e+03   1.6237305e+00  -1.5291084e-03
   4.2918455e+03   1.6263770e+00  -1.3849704e-03
   4.3103448e+03   1.6289542e+00  -1.3043837e-03
   4.3290043e+03   1.6302103e+00  -1.2563682e-03
   4.3478261e+03   1.6326576e+00  -1.1985342e-03
   4.3668122e+03   1.6350096e+00  -1.1533649e-03
   4.3859649e+03   1.6372762e+00  -1.0978633e-03
   4.4052863e+03   1.6394778e+00  -1.0448235e-03
   4.4247788e+03   1.6416168e+00  -9.9937968e-04
   4.4444444e+03   1.6436880e+00  -9.5898387e-04
   4.4642857e+03   1.6457091e+00  -9.1595633e-04
   4.4843049e+03   1.6476776e+00  -8.8826435e-04
   4.5045045e+03   1.6495933e+00  -8.7593693e-04
   4.5248869e+03   1.6514485e+00  -8.7128899e-04
   4.5454545e+03   1.6532558e+00  -8.6919404e-04
   4.5662100e+03   1.6550152e+00  -8.7222937e-04
   4.5871560e+03   1.6567267e+00  -8.8297735e-04
   4.6082949e+03   1.6583952e+00  -9.0402647e-04
   4.6296296e+03   1.6600208e+00  -9.2508412e-04
   4.6511628e+03   1.6616059e+00  -9.5646249e-04
   4.6728972e+03   1.6631557e+00  -9.8785964e-04
   4.6948357e+03   1.6646701e+00  -1.0244355e-03
   4.7169811e+03   1.6661516e+00  -1.0791046e-03
   4.7393365e+03   1.6675924e+00  -1.1363906e-03
   4.7619048e+03   1.6690028e+00  -1.1988823e-03
   4.7846890e+03   1.6703957e+00  -1.2614195e-03
   4.8076923e+03   1.6717608e+00  -1.3679580e-03
   4.8309179e+03   1.6730798e+00  -1.4823235e-03
   4.8543689e+03   1.6743657e+00  -1.6071145e-03
   4.8780488e+03   1.6756185e+00  -1.7449280e-03
   4.9019608e+03   1.6768147e+00  -1.9138903e-03
   4.9261084e+03   1.6785943e+00  -2.0859257e-03
   4.9504950e+03   1.6797863e+00  -2.3044053e-03
   4.9751244e+03   1.6809087e+00  -2.5670680e-03
   5.0000000e+03   1.6819821e+00  -2.8532086e-03
   5.0251256e+03   1.6829650e+00  -3.2432300e-03
   5.0505051e+03   1.6837820e+00  -3.6332996e-03
   5.0761421e+03   1.6849340e+00  -4.0239581e-03
   5.1020408e+03   1.6856007e+00  -4.4661795e-03
   5.1282051e+03   1.6860261e+00  -4.8043464e-03
   5.1546392e+03   1.6863323e+00  -4.9606138e-03
   5.1813472e+03   1.6865687e+00  -4.9869350e-03
   5.2083333e+03   1.6868599e+00  -4.7535824e-03
   5.2356021e+03   1.6868552e+00  -4.3639378e-03
   5.2631579e+03   1.6873945e+00  -3.0136754e-03
   5.2910053e+03   1.6888164e+00  -2.3963610e-03
   5.3191489e+03   1.6896355e+00  -1.8769978e-03
   5.3475936e+03   1.6905562e+00  -1.3548230e-03
   5.3763441e+03   1.6916461e+00  -8.3240512e-04
   5.4054054e+03   1.6933582e+00  -4.8408025e-04
   5.4347826e+03   1.6944463e+00  -4.0352979e-04
   5.4644809e+03   1.6959045e+00  -3.6984440e-04
   5.4945055e+03   1.6968084e+00  -3.5952202e-04
   5.5248619e+03   1.6976709e+00  -3.5700748e-04
   5.5555556e+03   1.6988985e+00  -3.5452970e-04
   5.5865922e+03   1.6996806e+00  -3.4678899e-04
   5.6179775e+03   1.7008202e+00  -3.1821382e-04
   5.6497175e+03   1.7015689e+00  -2.9219501e-04
   5.6818182e+03   1.7023125e+00  -2.7399267e-04
   5.7142857e+03   1.7033956e+00  -2.6102840e-04
   5.7471264e+03   1.7041031e+00  -2.4828955e-04
   5.7803468e+03   1.7051371e+00  -2.3243400e-04
   5.8139535e+03   1.7058188e+00  -2.1968097e-04
   5.8479532e+03   1.7068194e+00  -2.1033893e-04
   5.8823529e+03   1.7078020e+00  -2.0229713e-04
   5.9171598e+03   1.7084398e+00  -1.9867510e-04
   5.9523810e+03   1.7093863e+00  -1.9611525e-04
   5.9880240e+03   1.7100061e+00  -1.9353546e-04
   6.0240964e+03   1.7109189e+00  -1.9358711e-04
   6.0606061e+03   1.7117562e+00  -1.9860616e-04
   6.0975610e+03   1.7122979e+00  -2.0675058e-04
   6.1349693e+03   1.7131014e+00  -2.1203451e-04
   6.1728395e+03   1.7136250e+00  -2.1756494e-04
   6.2111801e+03   1.7144027e+00  -2.3044595e-04
   6.2500000e+03   1.7151622e+00  -2.4490305e-04
   6.2893082e+03   1.7159114e+00  -2.6041369e-04
   6.3291139e+03   1.7163987e+00  -2.8036440e-04
   6.3694268e+03   1.7171141e+00  -2.9876824e-04
   6.4102564e+03   1.7178270e+00  -3.2504343e-04
   6.4516129e+03   1.7185191e+00  -3.5394921e-04
   6.4935065e+03   1.7189753e+00  -3.7759594e-04
   6.5359477e+03   1.7196440e+00  -4.1963264e-04
   6.5789474e+03   1.7203050e+00  -4.5643819e-04
   6.6225166e+03   1.7209556e+00  -5.1424598e-04
   6.6666667e+03   1.7215880e+00  -5.9044185e-04
   6.7114094e+03   1.7221785e+00  -6.9815318e-04
   6.7567568e+03   1.7227218e+00  -7.9276510e-04
   6.8027211e+03   1.7232206e+00  -8.9002077e-04
   6.8493151e+03   1.7236748e+00  -9.4527936e-04
   6.8965517e+03   1.7241133e+00  -9.5590404e-04
   6.9444444e+03   1.7245466e+00  -9.5339772e-04
   6.9930070e+03   1.7249485e+00  -9.2986808e-04
   7.0422535e+03   1.7253294e+00  -8.4065152e-04
   7.0921986e+03   1.7257314e+00  -6.6734487e-04
   7.1428571e+03   1.7262570e+00  -4.0204453e-04
   7.1942446e+03   1.7268693e+00  -2.7859005e-04
   7.2463768e+03   1.7274607e+00  -2.0503532e-04
   7.2992701e+03   1.7280338e+00  -1.5248745e-04
   7.3529412e+03   1.7285939e+00  -1.1832840e-04
   7.4074074e+03   1.7293065e+00  -1.0651751e-04
   7.4626866e+03   1.7298247e+00  -7.4967996e-05
   7.5187970e+03   1.7303429e+00  -5.9194125e-05
   7.5757576e+03   1.7308507e+00  -5.0256608e-05
   7.6335878e+03   1.7315086e+00  -4.3160470e-05
   7.6923077e+03   1.7319929e+00  -3.6849456e-05
   7.7519380e+03   1.7324693e+00  -3.2116085e-05
   7.8125000e+03   1.7330933e+00  -3.0015516e-05
   7.8740157e+03   1.7335541e+00  -2.8702861e-05
   7.9365079e+03   1.7341545e+00  -2.8444457e-05
   8.0000000e+03   1.7345996e+00  -2.8974924e-05
   8.0645161e+03   1.7351818e+00  -3.0033596e-05
   8.1300813e+03   1.7356139e+00  -3.0564306e-05
   8.1967213e+03   1.7361778e+00  -3.1096328e-05
   8.2644628e+03   1.7365942e+00  -3.1363616e-05
   8.3333333e+03   1.7371451e+00  -3.1632192e-05
   8.4033613e+03   1.7375511e+00  -3.1108623e-05
   8.4745763e+03   1.7380889e+00  -3.0586091e-05
   8.5470085e+03   1.7386163e+00  -2.9535878e-05
   8.6206897e+03   1.7391359e+00  -2.8221528e-05
   8.6956522e+03   1.7395210e+00  -2.4558086e-05
   8.7719298e+03   1.7400327e+00  -1.5697326e-05
   8.8495575e+03   1.7405419e+00  -1.0211351e-05
   8.9285714e+03   1.7410486e+00  -6.9405069e-06
   9.0090090e+03   1.7415500e+00  -5.3842862e-06
   9.0909091e+03   1.7420436e+00  -4.5139383e-06
   9.1743119e+03   1.7425346e+00  -3.9601530e-06
   9.2592593e+03   1.7430152e+00  -3.5118198e-06
   9.3457944e+03   1.7434984e+00  -3.3274483e-06
   9.4339623e+03   1.7439738e+00  -3.4335496e-06
   9.5238095e+03   1.7444466e+00  -3.7510010e-06
   9.6153846e+03   1.7449142e+00  -4.4648178e-06
   9.7087379e+03   1.7453792e+00  -5.2845120e-06
   9.8039216e+03   1.7458416e+00  -6.2101241e-06
   9.9009901e+03   1.7464178e+00  -7.1097830e-06
   1.0000000e+04   1.7468777e+00  -7.9301700e-06
   1.0050251e+04   1.7471024e+00  -8.2743428e-06
   1.0090817e+04   1.7473297e+00  -8.5921290e-06
   1.0162602e+04   1.7476681e+00  -8.8309199e-06
   1.0214505e+04   1.7478955e+00  -9.0430272e-06
   1.0256410e+04   1.7481203e+00  -9.2022684e-06
   1.0298661e+04   1.7483424e+00  -9.2557430e-06
   1.0351967e+04   1.7485646e+00  -9.1505444e-06
   1.0427529e+04   1.7489057e+00  -8.8869446e-06
   1.0471204e+04   1.7491279e+00  -8.4378435e-06
   1.0515247e+04   1.7493501e+00  -7.7506118e-06
   1.0593220e+04   1.7496861e+00  -6.7725158e-06
   1.0638298e+04   1.7499110e+00  -5.7411343e-06
   1.0695187e+04   1.7501332e+00  -4.6831580e-06
   1.0764263e+04   1.7504719e+00  -3.6251680e-06
   1.0810811e+04   1.7506942e+00  -2.8050526e-06
   1.0869565e+04   1.7509165e+00  -2.1965485e-06
   1.0940919e+04   1.7512579e+00  -1.7732903e-06
   1.0989011e+04   1.7514776e+00  -1.5087148e-06
   1.1037528e+04   1.7517052e+00  -1.3632256e-06
   1.1123471e+04   1.7520440e+00  -1.2865859e-06
   1.1173184e+04   1.7522664e+00  -1.2231284e-06
   1.1248594e+04   1.7526027e+00  -1.1649959e-06
   1.1299435e+04   1.7528330e+00  -1.1200583e-06
   1.1376564e+04   1.7531720e+00  -1.0724999e-06
   1.1428571e+04   1.7533971e+00  -1.0354923e-06
   1.1481056e+04   1.7536222e+00  -9.9318300e-07
   1.1560694e+04   1.7539638e+00  -9.4030483e-07
   1.1641444e+04   1.7543055e+00  -8.8741634e-07
   1.1695906e+04   1.7545387e+00  -8.3449170e-07
   1.1778563e+04   1.7548778e+00  -7.7628475e-07
   1.1834320e+04   1.7551083e+00  -7.1274509e-07
   1.1918951e+04   1.7554581e+00  -6.5186900e-07
   1.1961722e+04   1.7556913e+00  -5.9361120e-07
   1.2048193e+04   1.7560411e+00  -5.4066406e-07
   1.2135922e+04   1.7563936e+00  -4.8240556e-07
   1.2195122e+04   1.7566295e+00  -4.2942280e-07
   1.2269939e+04   1.7569821e+00  -3.8439848e-07
   1.2360939e+04   1.7573426e+00  -3.5262237e-07
   1.2422360e+04   1.7575839e+00  -3.3673771e-07
   1.2500000e+04   1.7579419e+00  -3.3146850e-07
   1.2594458e+04   1.7583078e+00  -3.3415502e-07
   1.2642225e+04   1.7585518e+00  -3.3948262e-07
   1.2738854e+04   1.7589231e+00  -3.5543339e-07
   1.2820513e+04   1.7592892e+00  -3.7403972e-07
   1.2919897e+04   1.7596659e+00  -3.9265110e-07
   1.3003901e+04   1.7600453e+00  -4.0596010e-07
   1.3054830e+04   1.7603027e+00  -4.1660390e-07
   1.3157895e+04   1.7606875e+00  -4.1930324e-07
   1.3245033e+04   1.7610750e+00  -4.1934938e-07
   1.3333333e+04   1.7614625e+00  -4.1408671e-07
   1.3422819e+04   1.7618580e+00  -4.0616910e-07
   1.3513514e+04   1.7622616e+00  -3.8763058e-07
   1.3605442e+04   1.7626598e+00  -3.5846604e-07
   1.3717421e+04   1.7630741e+00  -3.0539584e-07
   1.3812155e+04   1.7634857e+00  -2.4275164e-07
   1.3908206e+04   1.7639027e+00  -1.9363990e-07
   1.4005602e+04   1.7643251e+00  -1.5939348e-07
   1.4084507e+04   1.7647528e+00  -1.3284400e-07
   1.4184397e+04   1.7651859e+00  -1.0894545e-07
   1.4285714e+04   1.7656271e+00  -8.9027523e-08
   1.4388489e+04   1.7660762e+00  -7.8673130e-08
   1.4492754e+04   1.7665228e+00  -7.0442618e-08
   1.4598540e+04   1.7669800e+00  -6.5666333e-08
   1.4684288e+04   1.7674426e+00  -6.1154792e-08
   1.4814815e+04   1.7680755e+00  -5.7974484e-08
   1.4925373e+04   1.7685516e+00  -5.5854498e-08
   1.5037594e+04   1.7690383e+00  -5.4000111e-08
   1.5128593e+04   1.7695331e+00  -5.1613234e-08
   1.5267176e+04   1.7702036e+00  -4.7365444e-08
   1.5384615e+04   1.7707172e+00  -4.4444812e-08
   1.5479876e+04   1.7712336e+00  -4.2854239e-08
   1.5625000e+04   1.7719443e+00  -4.1797922e-08
   1.5748031e+04   1.7724795e+00  -4.1271695e-08
   1.5873016e+04   1.7732092e+00  -3.9948570e-08
   1.6000000e+04   1.7737605e+00  -3.9155684e-08
   1.6155089e+04   1.7745064e+00  -3.7298968e-08
   1.6260163e+04   1.7750686e+00  -3.5439632e-08
   1.6393443e+04   1.7758174e+00  -3.3048430e-08
   1.6528926e+04   1.7763905e+00  -3.0121574e-08
   1.6666667e+04   1.7771556e+00  -2.5675506e-08
   1.6778523e+04   1.7777316e+00  -2.0586399e-08
   1.6949153e+04   1.7785130e+00  -1.6963506e-08
   1.7094017e+04   1.7792945e+00  -1.3925937e-08
   1.7271157e+04   1.7800896e+00  -1.1821012e-08
   1.7391304e+04   1.7806901e+00  -1.0248384e-08
   1.7543860e+04   1.7815015e+00  -9.1562409e-09
   1.7699115e+04   1.7823185e+00  -8.3573191e-09
   1.7857143e+04   1.7831436e+00  -7.6648746e-09
   1.8018018e+04   1.7839770e+00  -7.1056899e-09
   1.8181818e+04   1.7848212e+00  -6.5195434e-09
   1.8348624e+04   1.7856763e+00  -6.0667657e-09
   1.8518519e+04   1.7865397e+00  -5.6137830e-09
   1.8691589e+04   1.7874166e+00  -5.0536445e-09
   1.8867925e+04   1.7882991e+00  -4.7072010e-09
   1.9047619e+04   1.7891925e+00  -4.3873510e-09
   1.9230769e+04   1.7900941e+00  -4.2011442e-09
   1.9417476e+04   1.7910148e+00  -3.9078010e-09
   1.9569472e+04   1.7919437e+00  -3.4001329e-09
   1.9801980e+04   1.7931165e+00  -2.8923977e-09
   2.0000000e+04   1.7940727e+00  -2.4752666e-09
   2.0202020e+04   1.7950399e+00  -2.1034719e-09
   2.0408163e+04   1.7962647e+00  -1.9674841e-09
   2.0618557e+04   1.7972620e+00  -1.9197678e-09
   2.0833333e+04   1.7985304e+00  -1.9016699e-09
   2.1052632e+04   1.7995552e+00  -1.8807479e-09
   2.1276596e+04   1.8008593e+00  -1.9565791e-09
   2.1505376e+04   1.8021854e+00  -2.0136825e-09
   2.1739130e+04   1.8032676e+00  -2.0411442e-09
   2.1978022e+04   1.8046376e+00  -2.0929673e-09
   2.2222222e+04   1.8060376e+00  -2.1744124e-09
   2.2471910e+04   1.8074598e+00  -2.3365985e-09
   2.2727273e+04   1.8089066e+00  -2.5258274e-09
   2.2988506e+04   1.8103837e+00  -2.7448302e-09
   2.3255814e+04   1.8118937e+00  -2.9344239e-09
   2.3529412e+04   1.8134285e+00  -3.1511282e-09
   2.3809524e+04   1.8149990e+00  -3.3949919e-09
   2.4096386e+04   1.8165945e+00  -3.6121335e-09
   2.4390244e+04   1.8182284e+00  -3.8295043e-09
   2.4691358e+04   1.8202300e+00  -4.0204938e-09
   2.5000000e+04   1.8219411e+00  -4.2653459e-09
   2.5316456e+04   1.8236828e+00  -4.4834542e-09
   2.5641026e+04   1.8258252e+00  -4.7563331e-09
   2.5974026e+04   1.8280284e+00  -4.9755293e-09
   2.6315789e+04   1.8299055e+00  -5.2486312e-09
   2.6666667e+04   1.8322167e+00  -5.4955916e-09
   2.7027027e+04   1.8345890e+00  -5.7429528e-09
   2.7397260e+04   1.8370278e+00  -6.0178428e-09
   2.7777778e+04   1.8395361e+00  -6.2932088e-09
   2.8169014e+04   1.8421194e+00  -6.5690755e-09
   2.8571429e+04   1.8447724e+00  -6.8726134e-09
   2.8985507e+04   1.8475089e+00  -7.2039243e-09
   2.9411765e+04   1.8507997e+00  -7.5368431e-09
   2.9850746e+04   1.8537176e+00  -7.8423149e-09
   3.0303030e+04   1.8567224e+00  -8.1211914e-09
   3.0769231e+04   1.8604687e+00  -8.4021784e-09
   3.1250000e+04   1.8642516e+00  -8.7110989e-09
   3.1746032e+04   1.8681750e+00  -9.0756317e-09
   3.2258065e+04   1.8722093e+00  -9.7148377e-09
   3.2786885e+04   1.8764589e+00  -1.0492967e-08
   3.3333333e+04   1.8808394e+00  -1.1382927e-08
   3.3898305e+04   1.8853981e+00  -1.2083262e-08
   3.4482759e+04   1.8908615e+00  -1.3200826e-08
   3.5087719e+04   1.8958591e+00  -1.4870542e-08
   3.5714286e+04   1.9018396e+00  -1.5969654e-08
   3.6363636e+04   1.9081030e+00  -1.7377270e-08
   3.7037037e+04   1.9146976e+00  -1.8957046e-08
   3.7735849e+04   1.9216586e+00  -2.0627236e-08
   3.8461538e+04   1.9289904e+00  -2.2194318e-08
   3.9215686e+04   1.9367565e+00  -2.3964626e-08
   4.0000000e+04   1.9460055e+00  -2.5974770e-08
   4.0816327e+04   1.9559001e+00  -2.7690993e-08
   4.1666667e+04   1.9665042e+00  -2.9448741e-08
   4.2553191e+04   1.9778428e+00  -3.0096061e-08
   4.3478261e+04   1.9900801e+00  -3.1035444e-08
   4.4444444e+04   2.0048323e+00  -3.2849367e-08
   4.5454545e+04   2.0209551e+00  -3.6108716e-08
   4.6511628e+04   2.0386928e+00  -5.7113120e-08
   4.7619048e+04   2.0583210e+00  -1.1018381e-07
   4.8780488e+04   2.0802178e+00  -1.9355612e-07
   5.0000000e+04   2.1075026e+00  -3.1937928e-07
   5.1282051e+04   2.1390320e+00  -5.4114091e-07
   5.2631579e+04   2.1761649e+00  -1.0680325e-06
   5.4054054e+04   2.2257089e+00  -3.7297025e-06
   5.5555556e+04   2.2902070e+00  -1.8160116e-04
   5.7142857e+04   2.3810396e+00  -2.5892580e-03
   5.7471264e+04   2.4006762e+00  -3.6566123e-03
   5.8139535e+04   2.4591939e+00  -6.2727320e-03
   5.8823529e+04   2.5777909e+00  -1.2844440e-02
   5.9523810e+04   2.6718277e+00  -1.3080496e-01
   6.0240964e+04   2.7081743e+00  -2.3852108e-01
   6.0975610e+04   2.7219236e+00  -3.4384480e-01
   6.1728395e+04   2.7139096e+00  -4.4628759e-01
   6.2500000e+04   2.6952182e+00  -5.5116146e-01
   6.3291139e+04   2.6536296e+00  -6.6315509e-01
   6.4102564e+04   2.5710115e+00  -7.5835750e-01
   6.4935065e+04   2.4834011e+00  -8.2398028e-01
   6.5789474e+04   2.3566900e+00  -8.6420787e-01
   6.6666667e+04   2.2375517e+00  -8.4278690e-01
   6.7567568e+04   2.1490662e+00  -7.8648293e-01
   6.8493151e+04   2.1006880e+00  -7.0819055e-01
   6.9444444e+04   2.0873648e+00  -6.3406402e-01
   7.0422535e+04   2.0986894e+00  -5.6413321e-01
   7.1428571e+04   2.1359965e+00  -4.9429934e-01
   7.2463768e+04   2.2186629e+00  -4.2494096e-01
   7.3529412e+04   2.3428452e+00  -4.0868320e-01
   7.4626866e+04   2.4940452e+00  -4.7270786e-01
   7.5757576e+04   2.5875521e+00  -6.0566308e-01
   7.6923077e+04   2.6123416e+00  -7.8097982e-01
   7.8125000e+04   2.5636058e+00  -9.3704947e-01
   7.9365079e+04   2.4757704e+00  -1.0343078e+00
   8.0645161e+04   2.3961566e+00  -1.0743846e+00
   8.1967213e+04   2.3440537e+00  -1.0960722e+00
   8.3333333e+04   2.3067152e+00  -1.1238264e+00
   8.4745763e+04   2.2755193e+00  -1.1526488e+00
   8.6206897e+04   2.2498317e+00  -1.1858216e+00
   8.7719298e+04   2.2222992e+00  -1.2314824e+00
   8.9285714e+04   2.1851145e+00  -1.2743513e+00
   9.0909091e+04   2.1527361e+00  -1.3148824e+00
   9.2592593e+04   2.1197224e+00  -1.3681829e+00
   9.4339623e+04   2.0773399e+00  -1.4283593e+00
   9.6153846e+04   2.0270266e+00  -1.4855835e+00
   9.8039216e+04   1.9611006e+00  -1.5502250e+00
   1.0000000e+05   1.8855813e+00  -1.6036180e+00
   1.0214505e+05   1.7889266e+00  -1.6742482e+00
   1.0427529e+05   1.6658114e+00  -1.7247642e+00
   1.0638298e+05   1.5299010e+00  -1.7456499e+00
   1.0869565e+05   1.3990265e+00  -1.7346269e+00
   1.1123471e+05   1.2705219e+00  -1.7012779e+00
   1.1376564e+05   1.1546787e+00  -1.6549764e+00
   1.1641444e+05   1.0445007e+00  -1.5964693e+00
   1.1918951e+05   9.6080032e-01  -1.5136628e+00
   1.2195122e+05   9.0539123e-01  -1.4349100e+00
   1.2500000e+05   8.6006787e-01  -1.3629221e+00
   1.2820513e+05   8.2545466e-01  -1.3008713e+00
   1.3157895e+05   7.9877499e-01  -1.2525445e+00
   1.3513514e+05   7.6556247e-01  -1.2177030e+00
   1.3908206e+05   6.9888369e-01  -1.1965194e+00
   1.4285714e+05   6.2847818e-01  -1.1367993e+00
   1.4684288e+05   5.7002012e-01  -1.0604679e+00
   1.5128593e+05   5.2906504e-01  -9.6858094e-01
   1.5625000e+05   4.9866960e-01  -8.7219596e-01
   1.6155089e+05   4.9863033e-01  -7.6660440e-01
   1.6666667e+05   5.2065247e-01  -6.8466242e-01
   1.7271157e+05   5.5172913e-01  -6.2205774e-01
   1.7857143e+05   5.7521774e-01  -5.8470650e-01
   1.8518519e+05   5.8806486e-01  -5.5292888e-01
   1.9230769e+05   5.9126454e-01  -5.2350291e-01
   2.0000000e+05   5.8361743e-01  -4.9244520e-01
   2.0833333e+05   5.7222853e-01  -4.4629077e-01
   2.1739130e+05   5.7713916e-01  -3.8415737e-01
   2.2727273e+05   5.9270332e-01  -3.3345407e-01
   2.3809524e+05   6.1127085e-01  -2.8882476e-01
   2.5000000e+05   6.3268614e-01  -2.4785908e-01
   2.6315789e+05   6.5509498e-01  -2.1313578e-01
   2.7777778e+05   6.7821472e-01  -1.8109696e-01
   2.9411765e+05   7.0102550e-01  -1.5276982e-01
