   6.0000000e+02   3.0007720e-01
   6.0200000e+02   3.5696079e-02
   6.0400000e+02   1.4561281e-03
   6.0600000e+02   5.6318437e-04
   6.0800000e+02   6.9538915e-04
   6.1000000e+02   8.6248390e-04
   6.1200000e+02   1.1139356e-03
   6.1400000e+02   1.4312707e-03
   6.1600000e+02   1.7941442e-03
   6.1800000e+02   2.3334310e-03
   6.2000000e+02   3.0224978e-03
   6.2200000e+02   3.7344495e-03
   6.2400000e+02   4.7353198e-03
   6.2600000e+02   5.9854240e-03
   6.2800000e+02   7.2122330e-03
   6.3000000e+02   8.8710334e-03
   6.3200000e+02   1.0986314e-02
   6.3400000e+02   1.2878034e-02
   6.3600000e+02   1.5371813e-02
   6.3800000e+02   1.8778747e-02
   6.4000000e+02   2.1894795e-02
   6.4200000e+02   2.5770080e-02
   6.4400000e+02   3.1124167e-02
   6.4600000e+02   3.6106788e-02
   6.4800000e+02   4.1943234e-02
   6.5000000e+02   4.9933393e-02
   6.5200000e+02   5.6998660e-02
   6.5400000e+02   6.4941025e-02
   6.5600000e+02   7.6066763e-02
   6.5800000e+02   8.4728136e-02
   6.6000000e+02   9.4222735e-02
   6.6200000e+02   1.0806133e-01
   6.6400000e+02   1.1730709e-01
   6.6600000e+02   1.2419136e-01
   6.6800000e+02   1.3587937e-01
   6.7000000e+02   1.4661142e-01
   6.7200000e+02   1.5616739e-01
   6.7400000e+02   1.7298464e-01
   6.7600000e+02   1.8702813e-01
   6.7800000e+02   1.9401095e-01
   6.8000000e+02   2.0625746e-01
   6.8200000e+02   2.1316210e-01
   6.8400000e+02   2.1161330e-01
   6.8600000e+02   2.2165327e-01
   6.8800000e+02   2.2186664e-01
   6.9000000e+02   2.0685454e-01
   6.9200000e+02   1.9960236e-01
   6.9400000e+02   1.9316119e-01
   6.9600000e+02   1.8939516e-01
   6.9800000e+02   2.6253474e-01
   7.0000000e+02   2.7615703e-01
   7.0200000e+02   1.6691218e-01
   7.0400000e+02   1.3162197e-01
   7.0600000e+02   1.0949896e-01
   7.0800000e+02   1.0749772e-01
   7.1000000e+02   2.5538770e-01
   7.1200000e+02   7.7701420e-01
   7.1400000e+02   1.4683178e+00
   7.1600000e+02   8.3760272e-01
   7.1800000e+02   4.0428577e-01
   7.2000000e+02   2.4824668e-01
   7.2200000e+02   2.1287927e-01
   7.2400000e+02   2.2289696e-01
   7.2600000e+02   2.3216559e-01
   7.2800000e+02   2.3867298e-01
   7.3000000e+02   2.5324798e-01
   7.3200000e+02   2.5921599e-01
   7.3400000e+02   2.6122549e-01
   7.3600000e+02   2.7277354e-01
   7.3800000e+02   2.7432626e-01
   7.4000000e+02   2.7004389e-01
   7.4200000e+02   2.7554707e-01
   7.4400000e+02   2.7158938e-01
   7.4600000e+02   2.6006039e-01
   7.4800000e+02   2.5608105e-01
   7.5000000e+02   2.4260957e-01
   7.5200000e+02   2.2428469e-01
   7.5400000e+02   2.1131948e-01
   7.5600000e+02   1.9518120e-01
   7.5800000e+02   1.7614830e-01
   7.6000000e+02   1.6058068e-01
   7.6200000e+02   1.4678483e-01
   7.6400000e+02   1.2916026e-01
   7.6600000e+02   1.1413552e-01
   7.6800000e+02   1.0318520e-01
   7.7000000e+02   8.7821940e-02
   7.7200000e+02   7.4869431e-02
   7.7400000e+02   6.5322573e-02
   7.7600000e+02   5.6187535e-02
   7.7800000e+02   4.8886462e-02
   7.8000000e+02   4.3134139e-02
   7.8200000e+02   3.6564155e-02
   7.8400000e+02   3.1312188e-02
   7.8600000e+02   2.7266722e-02
   7.8800000e+02   2.3128355e-02
   7.9000000e+02   1.9278449e-02
   7.9200000e+02   1.6818833e-02
   7.9400000e+02   1.4260895e-02
   7.9600000e+02   1.1696706e-02
   7.9800000e+02   1.0114982e-02
   8.0000000e+02   8.3553796e-03
   8.0200000e+02   6.6834836e-03
   8.0400000e+02   5.4474924e-03
   8.0600000e+02   4.3883268e-03
   8.0800000e+02   3.3753600e-03
   8.1000000e+02   2.6589634e-03
   8.1200000e+02   2.1297335e-03
   8.1400000e+02   1.6153548e-03
   8.1600000e+02   1.2709316e-03
   8.1800000e+02   1.0067004e-03
   8.2000000e+02   7.9150730e-04
   8.2200000e+02   6.2266901e-04
   8.2400000e+02   5.1600721e-04
   8.2600000e+02   4.2141357e-04
   8.2800000e+02   3.5428628e-04
   8.3000000e+02   3.0676228e-04
   8.3200000e+02   2.7045943e-04
   8.3400000e+02   2.4133606e-04
   8.3600000e+02   2.2051225e-04
   8.3800000e+02   2.0430410e-04
   8.4000000e+02   1.9051192e-04
   8.4200000e+02   1.7999399e-04
   8.4400000e+02   1.7104555e-04
   8.4600000e+02   1.6346009e-04
   8.4800000e+02   1.5668375e-04
   8.5000000e+02   1.5089120e-04
   8.5200000e+02   1.4546086e-04
   8.5400000e+02   1.4057328e-04
   8.5600000e+02   1.3598670e-04
   8.5800000e+02   1.3175038e-04
   8.6000000e+02   1.2771851e-04
   8.6200000e+02   1.2391942e-04
   8.6400000e+02   1.2029940e-04
   8.6600000e+02   1.1689581e-04
   8.6800000e+02   1.1364169e-04
   8.7000000e+02   1.1053544e-04
   8.7200000e+02   1.0755964e-04
   8.7400000e+02   1.0471069e-04
   8.7600000e+02   1.0197912e-04
   8.7800000e+02   9.9358714e-05
   8.8000000e+02   9.6843706e-05
   8.8200000e+02   9.4427444e-05
   8.8400000e+02   9.2105691e-05
   8.8600000e+02   8.9872393e-05
   8.8800000e+02   8.7723983e-05
   8.9000000e+02   8.5655269e-05
   8.9200000e+02   8.3662981e-05
   8.9400000e+02   8.1742801e-05
   8.9600000e+02   7.9891652e-05
   8.9800000e+02   7.8105872e-05
   9.0000000e+02   7.6382628e-05
   9.0200000e+02   7.4718962e-05
   9.0400000e+02   7.3112102e-05
   9.0600000e+02   7.1559471e-05
   9.0800000e+02   7.0058646e-05
   9.1000000e+02   6.8607337e-05
   9.1200000e+02   6.7203383e-05
   9.1400000e+02   6.5844744e-05
   9.1600000e+02   6.4529490e-05
   9.1800000e+02   6.3255793e-05
   9.2000000e+02   6.2021925e-05
   9.2200000e+02   6.0826248e-05
   9.2400000e+02   5.9667210e-05
   9.2600000e+02   5.8543337e-05
   9.2800000e+02   5.7453232e-05
   9.3000000e+02   5.6395567e-05
   9.3200000e+02   5.5369081e-05
   9.3400000e+02   5.4372574e-05
   9.3600000e+02   5.3404905e-05
   9.3800000e+02   5.2464990e-05
   9.4000000e+02   5.1551793e-05
   9.4200000e+02   5.0664330e-05
   9.4400000e+02   4.9801662e-05
   9.4600000e+02   4.8962894e-05
   9.4800000e+02   4.8147171e-05
   9.5000000e+02   4.7353679e-05
   9.5200000e+02   4.6581639e-05
   9.5400000e+02   4.5830308e-05
   9.5600000e+02   4.5098973e-05
   9.5800000e+02   4.4386957e-05
   9.6000000e+02   4.3693609e-05
   9.6200000e+02   4.3018307e-05
   9.6400000e+02   4.2360455e-05
   9.6600000e+02   4.1719484e-05
   9.6800000e+02   4.1094848e-05
   9.7000000e+02   4.0486024e-05
   9.7200000e+02   3.9892509e-05
   9.7400000e+02   3.9313823e-05
   9.7600000e+02   3.8749504e-05
   9.7800000e+02   3.8199110e-05
   9.8000000e+02   3.7662217e-05
   9.8200000e+02   3.7138415e-05
   9.8400000e+02   3.6627313e-05
   9.8600000e+02   3.6128536e-05
   9.8800000e+02   3.5641720e-05
   9.9000000e+02   3.5166519e-05
   9.9200000e+02   3.4702599e-05
   9.9400000e+02   3.4249638e-05
   9.9600000e+02   3.3807327e-05
   9.9800000e+02   3.3375369e-05
   1.0000000e+03   3.2953477e-05
   1.0020000e+03   3.2541376e-05
   1.0040000e+03   3.2138801e-05
   1.0060000e+03   3.1745496e-05
   1.0080000e+03   3.1361216e-05
   1.0100000e+03   3.0985724e-05
   1.0120000e+03   3.0618791e-05
   1.0140000e+03   3.0260197e-05
   1.0160000e+03   2.9909732e-05
   1.0180000e+03   2.9567190e-05
   1.0200000e+03   2.9232374e-05
   1.0220000e+03   2.8905095e-05
   1.0240000e+03   2.8585170e-05
   1.0260000e+03   2.8272423e-05
   1.0280000e+03   2.7966683e-05
   1.0300000e+03   2.7667786e-05
   1.0320000e+03   2.7375574e-05
   1.0340000e+03   2.7089895e-05
   1.0360000e+03   2.6810601e-05
   1.0380000e+03   2.6537551e-05
   1.0400000e+03   2.6270608e-05
   1.0420000e+03   2.6009639e-05
   1.0440000e+03   2.5754519e-05
   1.0460000e+03   2.5505123e-05
   1.0480000e+03   2.5261334e-05
   1.0500000e+03   2.5023039e-05
   1.0520000e+03   2.4790126e-05
   1.0540000e+03   2.4562491e-05
   1.0560000e+03   2.4340031e-05
   1.0580000e+03   2.4122649e-05
   1.0600000e+03   2.3910250e-05
   1.0620000e+03   2.3702743e-05
   1.0640000e+03   2.3500041e-05
   1.0660000e+03   2.3302059e-05
   1.0680000e+03   2.3108718e-05
   1.0700000e+03   2.2919939e-05
   1.0720000e+03   2.2735648e-05
   1.0740000e+03   2.2555774e-05
   1.0760000e+03   2.2380248e-05
   1.0780000e+03   2.2209005e-05
   1.0800000e+03   2.2041982e-05
   1.0820000e+03   2.1879120e-05
   1.0840000e+03   2.1720360e-05
   1.0860000e+03   2.1565650e-05
   1.0880000e+03   2.1414937e-05
   1.0900000e+03   2.1268171e-05
   1.0920000e+03   2.1125307e-05
   1.0940000e+03   2.0986301e-05
   1.0960000e+03   2.0851110e-05
   1.0980000e+03   2.0719696e-05
   1.1000000e+03   2.0592022e-05
   1.1020000e+03   2.0468055e-05
   1.1040000e+03   2.0347761e-05
   1.1060000e+03   2.0231113e-05
   1.1080000e+03   2.0118083e-05
   1.1100000e+03   2.0008646e-05
   1.1120000e+03   1.9902781e-05
   1.1140000e+03   1.9800467e-05
   1.1160000e+03   1.9701687e-05
   1.1180000e+03   1.9606427e-05
   1.1200000e+03   1.9514674e-05
   1.1220000e+03   1.9426417e-05
   1.1240000e+03   1.9341650e-05
   1.1260000e+03   1.9260366e-05
   1.1280000e+03   1.9182564e-05
   1.1300000e+03   1.9108244e-05
   1.1320000e+03   1.9037407e-05
   1.1340000e+03   1.8970060e-05
   1.1360000e+03   1.8906210e-05
   1.1380000e+03   1.8845868e-05
   1.1400000e+03   1.8789047e-05
   1.1420000e+03   1.8735763e-05
   1.1440000e+03   1.8686037e-05
   1.1460000e+03   1.8639890e-05
   1.1480000e+03   1.8597348e-05
   1.1500000e+03   1.8558439e-05
   1.1520000e+03   1.8523196e-05
   1.1540000e+03   1.8491653e-05
   1.1560000e+03   1.8463851e-05
   1.1580000e+03   1.8439831e-05
   1.1600000e+03   1.8419641e-05
   1.1620000e+03   1.8403329e-05
   1.1640000e+03   1.8390953e-05
   1.1660000e+03   1.8382569e-05
   1.1680000e+03   1.8378242e-05
   1.1700000e+03   1.8378039e-05
   1.1720000e+03   1.8382034e-05
   1.1740000e+03   1.8390304e-05
   1.1760000e+03   1.8402934e-05
   1.1780000e+03   1.8420013e-05
   1.1800000e+03   1.8441634e-05
   1.1820000e+03   1.8467901e-05
   1.1840000e+03   1.8498921e-05
   1.1860000e+03   1.8534808e-05
   1.1880000e+03   1.8575685e-05
   1.1900000e+03   1.8621682e-05
   1.1920000e+03   1.8672936e-05
   1.1940000e+03   1.8729596e-05
   1.1960000e+03   1.8791816e-05
   1.1980000e+03   1.8859762e-05
   1.2000000e+03   1.8933610e-05
   1.2020000e+03   1.9013547e-05
   1.2040000e+03   1.9099772e-05
   1.2060000e+03   1.9192495e-05
   1.2080000e+03   1.9291942e-05
   1.2100000e+03   1.9398351e-05
   1.2120000e+03   1.9511975e-05
   1.2140000e+03   1.9633085e-05
   1.2160000e+03   1.9761967e-05
   1.2180000e+03   1.9898927e-05
   1.2200000e+03   2.0044292e-05
   1.2220000e+03   2.0198408e-05
   1.2240000e+03   2.0361647e-05
   1.2260000e+03   2.0534402e-05
   1.2280000e+03   2.0717097e-05
   1.2300000e+03   2.0910182e-05
   1.2320000e+03   2.1114139e-05
   1.2340000e+03   2.1329485e-05
   1.2360000e+03   2.1556774e-05
   1.2380000e+03   2.1796596e-05
   1.2400000e+03   2.2049590e-05
   1.2420000e+03   2.2316438e-05
   1.2440000e+03   2.2597876e-05
   1.2460000e+03   2.2894694e-05
   1.2480000e+03   2.3207745e-05
   1.2500000e+03   2.3537950e-05
   1.2520000e+03   2.3886313e-05
   1.2540000e+03   2.4254081e-05
   1.2560000e+03   2.4642555e-05
   1.2580000e+03   2.5052692e-05
   1.2600000e+03   2.5486072e-05
   1.2620000e+03   2.5944514e-05
   1.2640000e+03   2.6430349e-05
   1.2660000e+03   2.6948946e-05
   1.2680000e+03   2.7500927e-05
   1.2700000e+03   2.8089778e-05
   1.2720000e+03   2.8720226e-05
   1.2740000e+03   2.9399489e-05
   1.2760000e+03   3.0143133e-05
   1.2780000e+03   3.0960488e-05
   1.2800000e+03   3.1862725e-05
   1.2820000e+03   3.2898436e-05
   1.2840000e+03   3.4108581e-05
   1.2860000e+03   3.5504809e-05
   1.2880000e+03   3.7213812e-05
   1.2900000e+03   3.9414875e-05
   1.2920000e+03   4.2117885e-05
   1.2940000e+03   4.5575637e-05
   1.2960000e+03   5.0474026e-05
   1.2980000e+03   5.6962036e-05
   1.3000000e+03   6.5293574e-05
   1.3020000e+03   7.7459591e-05
   1.3040000e+03   9.4627811e-05
   1.3060000e+03   1.1653579e-04
   1.3080000e+03   1.4732445e-04
   1.3100000e+03   1.9260644e-04
   1.3120000e+03   2.5048193e-04
   1.3140000e+03   3.2667014e-04
   1.3160000e+03   4.3922544e-04
   1.3180000e+03   5.8752938e-04
   1.3200000e+03   7.6944045e-04
   1.3220000e+03   1.0242772e-03
   1.3240000e+03   1.3759138e-03
   1.3260000e+03   1.7906054e-03
   1.3280000e+03   2.3103369e-03
   1.3300000e+03   3.0316146e-03
   1.3320000e+03   3.8954330e-03
   1.3340000e+03   4.8610618e-03
   1.3360000e+03   6.1268269e-03
   1.3380000e+03   7.6986515e-03
   1.3400000e+03   9.2814940e-03
   1.3420000e+03   1.1062444e-02
   1.3440000e+03   1.3471784e-02
   1.3460000e+03   1.6499579e-02
   1.3480000e+03   1.9815261e-02
   1.3500000e+03   2.3882136e-02
   1.3520000e+03   2.8701065e-02
   1.3540000e+03   3.3437888e-02
   1.3560000e+03   3.8461919e-02
   1.3580000e+03   4.4765906e-02
   1.3600000e+03   5.1398694e-02
   1.3620000e+03   5.7474974e-02
   1.3640000e+03   6.4350577e-02
   1.3660000e+03   7.2222112e-02
   1.3680000e+03   7.9150142e-02
   1.3700000e+03   8.5431292e-02
   1.3720000e+03   9.2705607e-02
   1.3740000e+03   9.9499336e-02
   1.3760000e+03   1.0414257e-01
   1.3780000e+03   1.0846985e-01
   1.3800000e+03   1.1310458e-01
   1.3820000e+03   1.1524146e-01
   1.3840000e+03   1.1495383e-01
   1.3860000e+03   1.1518001e-01
   1.3880000e+03   1.1406156e-01
   1.3900000e+03   1.0896770e-01
   1.3920000e+03   1.0365835e-01
   1.3940000e+03   9.8532645e-02
   1.3960000e+03   8.8693352e-02
   1.3980000e+03   7.7062064e-02
   1.4000000e+03   7.0186884e-02
   1.4020000e+03   6.0583371e-02
   1.4040000e+03   5.0199911e-02
   1.4060000e+03   4.3961587e-02
   1.4080000e+03   3.4675202e-02
   1.4100000e+03   2.2287439e-02
   1.4120000e+03   1.8394690e-02
   1.4140000e+03   3.6925679e-02
   1.4160000e+03   5.0480674e-02
   1.4180000e+03   6.2942177e-02
   1.4200000e+03   7.6046624e-02
   1.4220000e+03   8.2811842e-02
   1.4240000e+03   9.1810410e-02
   1.4260000e+03   9.9993858e-02
   1.4280000e+03   1.0040632e-01
   1.4300000e+03   1.0568484e-01
   1.4320000e+03   1.0740281e-01
   1.4340000e+03   1.0484729e-01
   1.4360000e+03   1.0921909e-01
   1.4380000e+03   1.0954760e-01
   1.4400000e+03   1.0608855e-01
   1.4420000e+03   1.0905229e-01
   1.4440000e+03   1.0306364e-01
   1.4460000e+03   9.8282800e-02
   1.4480000e+03   9.7014791e-02
   1.4500000e+03   8.8006133e-02
   1.4520000e+03   8.3600546e-02
   1.4540000e+03   7.9318801e-02
   1.4560000e+03   7.0282845e-02
   1.4580000e+03   6.6379231e-02
   1.4600000e+03   6.0611186e-02
   1.4620000e+03   5.3035717e-02
   1.4640000e+03   4.9782160e-02
   1.4660000e+03   4.3698202e-02
   1.4680000e+03   3.8010586e-02
   1.4700000e+03   3.5222070e-02
   1.4720000e+03   2.9645465e-02
   1.4740000e+03   2.6019414e-02
   1.4760000e+03   2.3453026e-02
   1.4780000e+03   1.9099428e-02
   1.4800000e+03   1.7023337e-02
   1.4820000e+03   1.4600128e-02
   1.4840000e+03   1.1858083e-02
   1.4860000e+03   1.0675349e-02
   1.4880000e+03   8.8121726e-03
   1.4900000e+03   7.2128966e-03
   1.4920000e+03   6.3338067e-03
   1.4940000e+03   5.0627893e-03
   1.4960000e+03   4.1482840e-03
   1.4980000e+03   3.5255332e-03
   1.5000000e+03   2.7345284e-03
   1.5020000e+03   2.2043918e-03
   1.5040000e+03   1.8048410e-03
   1.5060000e+03   1.3561318e-03
   1.5080000e+03   1.0756440e-03
   1.5100000e+03   8.5137261e-04
   1.5120000e+03   6.2688944e-04
   1.5140000e+03   4.9424936e-04
   1.5160000e+03   3.8312495e-04
   1.5180000e+03   2.8265404e-04
   1.5200000e+03   2.2316976e-04
   1.5220000e+03   1.7358911e-04
   1.5240000e+03   1.3169719e-04
   1.5260000e+03   1.0585450e-04
   1.5280000e+03   8.5446102e-05
   1.5300000e+03   6.8891330e-05
   1.5320000e+03   5.8187651e-05
   1.5340000e+03   5.0003815e-05
   1.5360000e+03   4.3405058e-05
   1.5380000e+03   3.8954794e-05
   1.5400000e+03   3.5576935e-05
   1.5420000e+03   3.2776758e-05
   1.5440000e+03   3.0728785e-05
   1.5460000e+03   2.9107226e-05
   1.5480000e+03   2.7710177e-05
   1.5500000e+03   2.6572920e-05
   1.5520000e+03   2.5605029e-05
   1.5540000e+03   2.4731374e-05
   1.5560000e+03   2.3953357e-05
   1.5580000e+03   2.3248847e-05
   1.5600000e+03   2.2593547e-05
   1.5620000e+03   2.1983170e-05
   1.5640000e+03   2.1411388e-05
   1.5660000e+03   2.0870538e-05
   1.5680000e+03   2.0357094e-05
   1.5700000e+03   1.9867507e-05
   1.5720000e+03   1.9400592e-05
   1.5740000e+03   1.8956764e-05
   1.5760000e+03   1.8532025e-05
   1.5780000e+03   1.8124848e-05
   1.5800000e+03   1.7734212e-05
   1.5820000e+03   1.7359180e-05
   1.5840000e+03   1.6998886e-05
   1.5860000e+03   1.6652525e-05
   1.5880000e+03   1.6319346e-05
   1.5900000e+03   1.5998654e-05
   1.5920000e+03   1.5689796e-05
   1.5940000e+03   1.5392168e-05
   1.5960000e+03   1.5105201e-05
   1.5980000e+03   1.4828364e-05
   1.6000000e+03   1.4561162e-05
   1.6020000e+03   1.4303128e-05
   1.6040000e+03   1.4053825e-05
   1.6060000e+03   1.3812844e-05
   1.6080000e+03   1.3579797e-05
   1.6100000e+03   1.3354323e-05
   1.6120000e+03   1.3136079e-05
   1.6140000e+03   1.2924744e-05
   1.6160000e+03   1.2720014e-05
   1.6180000e+03   1.2521602e-05
   1.6200000e+03   1.2329237e-05
   1.6220000e+03   1.2142663e-05
   1.6240000e+03   1.1961638e-05
   1.6260000e+03   1.1785933e-05
   1.6280000e+03   1.1615331e-05
   1.6300000e+03   1.1449625e-05
   1.6320000e+03   1.1288621e-05
   1.6340000e+03   1.1132134e-05
   1.6360000e+03   1.0979986e-05
   1.6380000e+03   1.0832012e-05
   1.6400000e+03   1.0688052e-05
   1.6420000e+03   1.0547954e-05
   1.6440000e+03   1.0411576e-05
   1.6460000e+03   1.0278779e-05
   1.6480000e+03   1.0149434e-05
   1.6500000e+03   1.0023415e-05
   1.6520000e+03   9.9006046e-06
   1.6540000e+03   9.7808886e-06
   1.6560000e+03   9.6641589e-06
   1.6580000e+03   9.5503123e-06
   1.6600000e+03   9.4392499e-06
   1.6620000e+03   9.3308774e-06
   1.6640000e+03   9.2251044e-06
   1.6660000e+03   9.1218444e-06
   1.6680000e+03   9.0210148e-06
   1.6700000e+03   8.9225362e-06
   1.6720000e+03   8.8263329e-06
   1.6740000e+03   8.7323319e-06
   1.6760000e+03   8.6404636e-06
   1.6780000e+03   8.5506610e-06
   1.6800000e+03   8.4628599e-06
   1.6820000e+03   8.3769987e-06
   1.6840000e+03   8.2930182e-06
   1.6860000e+03   8.2108614e-06
   1.6880000e+03   8.1304738e-06
   1.6900000e+03   8.0518029e-06
   1.6920000e+03   7.9747981e-06
   1.6940000e+03   7.8994108e-06
   1.6960000e+03   7.8255943e-06
   1.6980000e+03   7.7533036e-06
   1.7000000e+03   7.6824954e-06
   1.7020000e+03   7.6131279e-06
   1.7040000e+03   7.5451609e-06
   1.7060000e+03   7.4785558e-06
   1.7080000e+03   7.4132751e-06
   1.7100000e+03   7.3492829e-06
   1.7120000e+03   7.2865444e-06
   1.7140000e+03   7.2250260e-06
   1.7160000e+03   7.1646956e-06
   1.7180000e+03   7.1055218e-06
   1.7200000e+03   7.0474745e-06
   1.7220000e+03   6.9905246e-06
   1.7240000e+03   6.9346439e-06
   1.7260000e+03   6.8798054e-06
   1.7280000e+03   6.8259827e-06
   1.7300000e+03   6.7731505e-06
   1.7320000e+03   6.7212842e-06
   1.7340000e+03   6.6703600e-06
   1.7360000e+03   6.6203549e-06
   1.7380000e+03   6.5712469e-06
   1.7400000e+03   6.5230142e-06
   1.7420000e+03   6.4756362e-06
   1.7440000e+03   6.4290927e-06
   1.7460000e+03   6.3833640e-06
   1.7480000e+03   6.3384314e-06
   1.7500000e+03   6.2942764e-06
   1.7520000e+03   6.2508814e-06
   1.7540000e+03   6.2082290e-06
   1.7560000e+03   6.1663027e-06
   1.7580000e+03   6.1250863e-06
   1.7600000e+03   6.0845640e-06
   1.7620000e+03   6.0447207e-06
   1.7640000e+03   6.0055417e-06
   1.7660000e+03   5.9670125e-06
   1.7680000e+03   5.9291193e-06
   1.7700000e+03   5.8918487e-06
   1.7720000e+03   5.8551875e-06
   1.7740000e+03   5.8191231e-06
   1.7760000e+03   5.7836431e-06
   1.7780000e+03   5.7487355e-06
   1.7800000e+03   5.7143888e-06
   1.7820000e+03   5.6805916e-06
   1.7840000e+03   5.6473330e-06
   1.7860000e+03   5.6146023e-06
   1.7880000e+03   5.5823892e-06
   1.7900000e+03   5.5506836e-06
   1.7920000e+03   5.5194758e-06
   1.7940000e+03   5.4887562e-06
   1.7960000e+03   5.4585156e-06
   1.7980000e+03   5.4287451e-06
   1.8000000e+03   5.3994360e-06
   1.8020000e+03   5.3705798e-06
   1.8040000e+03   5.3421682e-06
   1.8060000e+03   5.3141933e-06
   1.8080000e+03   5.2866473e-06
   1.8100000e+03   5.2595226e-06
   1.8120000e+03   5.2328118e-06
   1.8140000e+03   5.2065080e-06
   1.8160000e+03   5.1806040e-06
   1.8180000e+03   5.1550932e-06
   1.8200000e+03   5.1299690e-06
   1.8220000e+03   5.1052251e-06
   1.8240000e+03   5.0808553e-06
   1.8260000e+03   5.0568535e-06
   1.8280000e+03   5.0332140e-06
   1.8300000e+03   5.0099311e-06
   1.8320000e+03   4.9869993e-06
   1.8340000e+03   4.9644133e-06
   1.8360000e+03   4.9421678e-06
   1.8380000e+03   4.9202580e-06
   1.8400000e+03   4.8986789e-06
   1.8420000e+03   4.8774258e-06
   1.8440000e+03   4.8564942e-06
   1.8460000e+03   4.8358796e-06
   1.8480000e+03   4.8155779e-06
   1.8500000e+03   4.7955848e-06
   1.8520000e+03   4.7758964e-06
   1.8540000e+03   4.7565089e-06
   1.8560000e+03   4.7374185e-06
   1.8580000e+03   4.7186218e-06
   1.8600000e+03   4.7001152e-06
   1.8620000e+03   4.6818954e-06
   1.8640000e+03   4.6639595e-06
   1.8660000e+03   4.6463042e-06
   1.8680000e+03   4.6289269e-06
   1.8700000e+03   4.6118246e-06
   1.8720000e+03   4.5949949e-06
   1.8740000e+03   4.5784352e-06
   1.8760000e+03   4.5621433e-06
   1.8780000e+03   4.5461170e-06
   1.8800000e+03   4.5303542e-06
   1.8820000e+03   4.5148532e-06
   1.8840000e+03   4.4996121e-06
   1.8860000e+03   4.4846294e-06
   1.8880000e+03   4.4699038e-06
   1.8900000e+03   4.4554339e-06
   1.8920000e+03   4.4412187e-06
   1.8940000e+03   4.4272573e-06
   1.8960000e+03   4.4135490e-06
   1.8980000e+03   4.4000932e-06
   1.9000000e+03   4.3868897e-06
   1.9020000e+03   4.3739384e-06
   1.9040000e+03   4.3612393e-06
   1.9060000e+03   4.3487929e-06
   1.9080000e+03   4.3365995e-06
   1.9100000e+03   4.3246603e-06
   1.9120000e+03   4.3129761e-06
   1.9140000e+03   4.3015485e-06
   1.9160000e+03   4.2903794e-06
   1.9180000e+03   4.2794810e-06
   1.9200000e+03   4.2690045e-06
   1.9220000e+03   4.2588935e-06
   1.9240000e+03   4.2488644e-06
   1.9260000e+03   4.2393889e-06
   1.9280000e+03   4.2300260e-06
   1.9300000e+03   4.2213828e-06
   1.9320000e+03   4.2128946e-06
   1.9340000e+03   4.2052523e-06
   1.9360000e+03   4.1980759e-06
   1.9380000e+03   4.1916116e-06
   1.9400000e+03   4.1867305e-06
   1.9420000e+03   4.1815809e-06
   1.9440000e+03   4.1809516e-06
   1.9460000e+03   4.1770722e-06
   1.9480000e+03   4.1842117e-06
   1.9500000e+03   4.1814908e-06
   1.9520000e+03   4.2024075e-06
   1.9540000e+03   4.2015776e-06
   1.9560000e+03   4.2449458e-06
   1.9580000e+03   4.2496423e-06
   1.9600000e+03   4.3238699e-06
   1.9620000e+03   4.3498194e-06
   1.9640000e+03   4.4606939e-06
   1.9660000e+03   4.5440072e-06
   1.9680000e+03   4.6815910e-06
   1.9700000e+03   4.8961492e-06
   1.9720000e+03   5.0348863e-06
   1.9740000e+03   5.5079500e-06
   1.9760000e+03   5.6218639e-06
   1.9780000e+03   6.4769136e-06
   1.9800000e+03   6.6277534e-06
   1.9820000e+03   7.9302769e-06
   1.9840000e+03   8.4083966e-06
   1.9860000e+03   9.9907278e-06
   1.9880000e+03   1.1492855e-05
   1.9900000e+03   1.2914898e-05
   1.9920000e+03   1.6346726e-05
   1.9940000e+03   1.7264791e-05
   1.9960000e+03   2.3375647e-05
   1.9980000e+03   2.4481816e-05
   2.0000000e+03   3.2476787e-05
   2.0020000e+03   3.6531830e-05
   2.0040000e+03   4.3753519e-05
   2.0060000e+03   5.5086925e-05
   2.0080000e+03   5.9009949e-05
   2.0100000e+03   7.9845431e-05
   2.0120000e+03   8.3029196e-05
   2.0140000e+03   1.0813638e-04
   2.0160000e+03   1.2155196e-04
   2.0180000e+03   1.3940099e-04
   2.0200000e+03   1.7506935e-04
   2.0220000e+03   1.8119678e-04
   2.0240000e+03   2.3486358e-04
   2.0260000e+03   2.4741361e-04
   2.0280000e+03   2.9147172e-04
   2.0300000e+03   3.4156661e-04
   2.0320000e+03   3.5532551e-04
   2.0340000e+03   4.4117974e-04
   2.0360000e+03   4.5308970e-04
   2.0380000e+03   5.2304983e-04
   2.0400000e+03   5.8763668e-04
   2.0420000e+03   6.0276805e-04
   2.0440000e+03   7.1539638e-04
   2.0460000e+03   7.2523910e-04
   2.0480000e+03   7.9482428e-04
   2.0500000e+03   8.7965373e-04
   2.0520000e+03   8.7491614e-04
   2.0540000e+03   9.8111296e-04
   2.0560000e+03   1.0003079e-03
   2.0580000e+03   1.0259008e-03
   2.0600000e+03   1.1081236e-03
   2.0620000e+03   1.0807458e-03
   2.0640000e+03   1.1331802e-03
   2.0660000e+03   1.1554544e-03
   2.0680000e+03   1.1123683e-03
   2.0700000e+03   1.1572000e-03
   2.0720000e+03   1.1245822e-03
   2.0740000e+03   1.0760403e-03
   2.0760000e+03   1.0887479e-03
   2.0780000e+03   1.0310568e-03
   2.0800000e+03   9.7332823e-04
   2.0820000e+03   9.4715160e-04
   2.0840000e+03   8.8119944e-04
   2.0860000e+03   8.1142428e-04
   2.0880000e+03   7.5648644e-04
   2.0900000e+03   6.9348727e-04
   2.0920000e+03   6.1735646e-04
   2.0940000e+03   5.4755999e-04
   2.0960000e+03   4.9078109e-04
   2.0980000e+03   4.3710943e-04
   2.1000000e+03   4.0311049e-04
   2.1020000e+03   3.6822955e-04
   2.1040000e+03   3.0182986e-04
   2.1060000e+03   2.3416492e-04
   2.1080000e+03   1.7139960e-04
   2.1100000e+03   2.2817325e-04
   2.1120000e+03   2.2280150e-03
   2.1140000e+03   7.4499739e-03
   2.1160000e+03   7.3543979e-03
   2.1180000e+03   4.0890942e-03
   2.1200000e+03   2.1527519e-03
   2.1220000e+03   1.2595563e-03
   2.1240000e+03   8.5449959e-04
   2.1260000e+03   7.1968460e-04
   2.1280000e+03   6.9551233e-04
   2.1300000e+03   6.8328273e-04
   2.1320000e+03   7.2231821e-04
   2.1340000e+03   7.5999646e-04
   2.1360000e+03   7.5846236e-04
   2.1380000e+03   7.8966797e-04
   2.1400000e+03   8.0152579e-04
   2.1420000e+03   7.7457296e-04
   2.1440000e+03   7.8208055e-04
   2.1460000e+03   7.6272829e-04
   2.1480000e+03   7.1207857e-04
   2.1500000e+03   6.9669562e-04
   2.1520000e+03   6.5536290e-04
   2.1540000e+03   5.9445553e-04
   2.1560000e+03   5.6359859e-04
   2.1580000e+03   5.0949355e-04
   2.1600000e+03   4.4964381e-04
   2.1620000e+03   4.1499084e-04
   2.1640000e+03   3.6223825e-04
   2.1660000e+03   3.1220315e-04
   2.1680000e+03   2.8050085e-04
   2.1700000e+03   2.3626425e-04
   2.1720000e+03   1.9981306e-04
   2.1740000e+03   1.7519055e-04
   2.1760000e+03   1.4309620e-04
   2.1780000e+03   1.1927655e-04
   2.1800000e+03   1.0220771e-04
   2.1820000e+03   8.1470461e-05
   2.1840000e+03   6.7361167e-05
   2.1860000e+03   5.6622309e-05
   2.1880000e+03   4.4483684e-05
   2.1900000e+03   3.6764584e-05
   2.1920000e+03   3.0549174e-05
   2.1940000e+03   2.3981133e-05
   2.1960000e+03   1.9982619e-05
   2.1980000e+03   1.6621661e-05
   2.2000000e+03   1.3307494e-05
   2.2020000e+03   1.1333380e-05
   2.2040000e+03   9.6297579e-06
   2.2060000e+03   8.0482027e-06
   2.2080000e+03   7.1103759e-06
   2.2100000e+03   6.2989684e-06
   2.2120000e+03   5.5813881e-06
   2.2140000e+03   5.1517679e-06
   2.2160000e+03   4.7819404e-06
   2.2180000e+03   4.4707799e-06
   2.2200000e+03   4.2830271e-06
   2.2220000e+03   4.1265441e-06
   2.2240000e+03   3.9977975e-06
   2.2260000e+03   3.9183718e-06
   2.2280000e+03   3.8538894e-06
   2.2300000e+03   3.8014841e-06
   2.2320000e+03   3.7680892e-06
   2.2340000e+03   3.7418899e-06
   2.2360000e+03   3.7205181e-06
   2.2380000e+03   3.7061551e-06
   2.2400000e+03   3.6950431e-06
   2.2420000e+03   3.6858624e-06
   2.2440000e+03   3.6792018e-06
   2.2460000e+03   3.6739759e-06
   2.2480000e+03   3.6696195e-06
   2.2500000e+03   3.6662233e-06
   2.2520000e+03   3.6635039e-06
   2.2540000e+03   3.6612446e-06
   2.2560000e+03   3.6594381e-06
   2.2580000e+03   3.6580125e-06
   2.2600000e+03   3.6568903e-06
   2.2620000e+03   3.6560549e-06
   2.2640000e+03   3.6554839e-06
   2.2660000e+03   3.6551502e-06
   2.2680000e+03   3.6550397e-06
   2.2700000e+03   3.6551388e-06
   2.2720000e+03   3.6554399e-06
   2.2740000e+03   3.6559416e-06
   2.2760000e+03   3.6566288e-06
   2.2780000e+03   3.6574946e-06
   2.2800000e+03   3.6585334e-06
   2.2820000e+03   3.6597401e-06
   2.2840000e+03   3.6611101e-06
   2.2860000e+03   3.6626387e-06
   2.2880000e+03   3.6643220e-06
   2.2900000e+03   3.6661562e-06
   2.2920000e+03   3.6681376e-06
   2.2940000e+03   3.6702629e-06
   2.2960000e+03   3.6725291e-06
   2.2980000e+03   3.6749331e-06
   2.3000000e+03   3.6774724e-06
   2.3020000e+03   3.6801444e-06
   2.3040000e+03   3.6829467e-06
   2.3060000e+03   3.6858772e-06
   2.3080000e+03   3.6889337e-06
   2.3100000e+03   3.6921143e-06
   2.3120000e+03   3.6954172e-06
   2.3140000e+03   3.6988408e-06
   2.3160000e+03   3.7023835e-06
   2.3180000e+03   3.7060438e-06
   2.3200000e+03   3.7098203e-06
   2.3220000e+03   3.7137118e-06
   2.3240000e+03   3.7177170e-06
   2.3260000e+03   3.7218349e-06
   2.3280000e+03   3.7260644e-06
   2.3300000e+03   3.7304046e-06
   2.3320000e+03   3.7348545e-06
   2.3340000e+03   3.7394134e-06
   2.3360000e+03   3.7440805e-06
   2.3380000e+03   3.7488550e-06
   2.3400000e+03   3.7537363e-06
   2.3420000e+03   3.7587239e-06
   2.3440000e+03   3.7638172e-06
   2.3460000e+03   3.7690156e-06
   2.3480000e+03   3.7743188e-06
   2.3500000e+03   3.7797263e-06
   2.3520000e+03   3.7852378e-06
   2.3540000e+03   3.7908529e-06
   2.3560000e+03   3.7965713e-06
   2.3580000e+03   3.8023929e-06
   2.3600000e+03   3.8083173e-06
   2.3620000e+03   3.8143444e-06
   2.3640000e+03   3.8204741e-06
   2.3660000e+03   3.8267062e-06
   2.3680000e+03   3.8330407e-06
   2.3700000e+03   3.8394774e-06
   2.3720000e+03   3.8460164e-06
   2.3740000e+03   3.8526577e-06
   2.3760000e+03   3.8594012e-06
   2.3780000e+03   3.8662471e-06
   2.3800000e+03   3.8731954e-06
   2.3820000e+03   3.8802462e-06
   2.3840000e+03   3.8873996e-06
   2.3860000e+03   3.8946558e-06
   2.3880000e+03   3.9020149e-06
   2.3900000e+03   3.9094771e-06
   2.3920000e+03   3.9170427e-06
   2.3940000e+03   3.9247119e-06
   2.3960000e+03   3.9324848e-06
   2.3980000e+03   3.9403619e-06
   2.4000000e+03   3.9483433e-06
   2.4020000e+03   3.9564294e-06
   2.4040000e+03   3.9646205e-06
   2.4060000e+03   3.9729170e-06
   2.4080000e+03   3.9813192e-06
   2.4100000e+03   3.9898275e-06
   2.4120000e+03   3.9984422e-06
   2.4140000e+03   4.0071639e-06
   2.4160000e+03   4.0159930e-06
   2.4180000e+03   4.0249298e-06
   2.4200000e+03   4.0339748e-06
   2.4220000e+03   4.0431287e-06
   2.4240000e+03   4.0523917e-06
   2.4260000e+03   4.0617645e-06
   2.4280000e+03   4.0712475e-06
   2.4300000e+03   4.0808414e-06
   2.4320000e+03   4.0905467e-06
   2.4340000e+03   4.1003639e-06
   2.4360000e+03   4.1102937e-06
   2.4380000e+03   4.1203366e-06
   2.4400000e+03   4.1304933e-06
   2.4420000e+03   4.1407644e-06
   2.4440000e+03   4.1511506e-06
   2.4460000e+03   4.1616525e-06
   2.4480000e+03   4.1722709e-06
   2.4500000e+03   4.1830063e-06
   2.4520000e+03   4.1938596e-06
   2.4540000e+03   4.2048315e-06
   2.4560000e+03   4.2159227e-06
   2.4580000e+03   4.2271339e-06
   2.4600000e+03   4.2384660e-06
   2.4620000e+03   4.2499197e-06
   2.4640000e+03   4.2614958e-06
   2.4660000e+03   4.2731953e-06
   2.4680000e+03   4.2850188e-06
   2.4700000e+03   4.2969672e-06
   2.4720000e+03   4.3090415e-06
   2.4740000e+03   4.3212425e-06
   2.4760000e+03   4.3335710e-06
   2.4780000e+03   4.3460281e-06
   2.4800000e+03   4.3586147e-06
   2.4820000e+03   4.3713316e-06
   2.4840000e+03   4.3841799e-06
   2.4860000e+03   4.3971605e-06
   2.4880000e+03   4.4102745e-06
   2.4900000e+03   4.4235228e-06
   2.4920000e+03   4.4369065e-06
   2.4940000e+03   4.4504266e-06
   2.4960000e+03   4.4640842e-06
   2.4980000e+03   4.4778804e-06
   2.5000000e+03   4.4918162e-06
   2.5020000e+03   4.5058929e-06
   2.5040000e+03   4.5201114e-06
   2.5060000e+03   4.5344730e-06
   2.5080000e+03   4.5489789e-06
   2.5100000e+03   4.5636302e-06
   2.5120000e+03   4.5784281e-06
   2.5140000e+03   4.5933739e-06
   2.5160000e+03   4.6084688e-06
   2.5180000e+03   4.6237140e-06
   2.5200000e+03   4.6391110e-06
   2.5220000e+03   4.6546608e-06
   2.5240000e+03   4.6703650e-06
   2.5260000e+03   4.6862247e-06
   2.5280000e+03   4.7022415e-06
   2.5300000e+03   4.7184166e-06
   2.5320000e+03   4.7347514e-06
   2.5340000e+03   4.7512475e-06
   2.5360000e+03   4.7679062e-06
   2.5380000e+03   4.7847290e-06
   2.5400000e+03   4.8017174e-06
   2.5420000e+03   4.8188729e-06
   2.5440000e+03   4.8361971e-06
   2.5460000e+03   4.8536915e-06
   2.5480000e+03   4.8713576e-06
   2.5500000e+03   4.8891971e-06
   2.5520000e+03   4.9072117e-06
   2.5540000e+03   4.9254029e-06
   2.5560000e+03   4.9437724e-06
   2.5580000e+03   4.9623220e-06
   2.5600000e+03   4.9810534e-06
   2.5620000e+03   4.9999683e-06
   2.5640000e+03   5.0190685e-06
   2.5660000e+03   5.0383557e-06
   2.5680000e+03   5.0578320e-06
   2.5700000e+03   5.0774990e-06
   2.5720000e+03   5.0973587e-06
   2.5740000e+03   5.1174130e-06
   2.5760000e+03   5.1376639e-06
   2.5780000e+03   5.1581132e-06
   2.5800000e+03   5.1787631e-06
   2.5820000e+03   5.1996154e-06
   2.5840000e+03   5.2206724e-06
   2.5860000e+03   5.2419361e-06
   2.5880000e+03   5.2634086e-06
   2.5900000e+03   5.2850921e-06
   2.5920000e+03   5.3069887e-06
   2.5940000e+03   5.3291007e-06
   2.5960000e+03   5.3514303e-06
   2.5980000e+03   5.3739798e-06
   2.6000000e+03   5.3967516e-06
   2.6020000e+03   5.4197479e-06
   2.6040000e+03   5.4429712e-06
   2.6060000e+03   5.4664239e-06
   2.6080000e+03   5.4901085e-06
   2.6100000e+03   5.5140274e-06
   2.6120000e+03   5.5381832e-06
   2.6140000e+03   5.5625785e-06
   2.6160000e+03   5.5872159e-06
   2.6180000e+03   5.6120981e-06
   2.6200000e+03   5.6372277e-06
   2.6220000e+03   5.6626074e-06
   2.6240000e+03   5.6882402e-06
   2.6260000e+03   5.7141287e-06
   2.6280000e+03   5.7402759e-06
   2.6300000e+03   5.7666846e-06
   2.6320000e+03   5.7933579e-06
   2.6340000e+03   5.8202986e-06
   2.6360000e+03   5.8475099e-06
   2.6380000e+03   5.8749949e-06
   2.6400000e+03   5.9027567e-06
   2.6420000e+03   5.9307984e-06
   2.6440000e+03   5.9591234e-06
   2.6460000e+03   5.9877349e-06
   2.6480000e+03   6.0166362e-06
   2.6500000e+03   6.0458309e-06
   2.6520000e+03   6.0753222e-06
   2.6540000e+03   6.1051137e-06
   2.6560000e+03   6.1352091e-06
   2.6580000e+03   6.1656118e-06
   2.6600000e+03   6.1963255e-06
   2.6620000e+03   6.2273541e-06
   2.6640000e+03   6.2587013e-06
   2.6660000e+03   6.2903709e-06
   2.6680000e+03   6.3223668e-06
   2.6700000e+03   6.3546931e-06
   2.6720000e+03   6.3873538e-06
   2.6740000e+03   6.4203530e-06
   2.6760000e+03   6.4536949e-06
   2.6780000e+03   6.4873836e-06
   2.6800000e+03   6.5214236e-06
   2.6820000e+03   6.5558193e-06
   2.6840000e+03   6.5905749e-06
   2.6860000e+03   6.6256952e-06
   2.6880000e+03   6.6611848e-06
   2.6900000e+03   6.6970482e-06
   2.6920000e+03   6.7332902e-06
   2.6940000e+03   6.7699158e-06
   2.6960000e+03   6.8069297e-06
   2.6980000e+03   6.8443371e-06
   2.7000000e+03   6.8821430e-06
   2.7020000e+03   6.9203526e-06
   2.7040000e+03   6.9589712e-06
   2.7060000e+03   6.9980040e-06
   2.7080000e+03   7.0374566e-06
   2.7100000e+03   7.0773345e-06
   2.7120000e+03   7.1176432e-06
   2.7140000e+03   7.1583887e-06
   2.7160000e+03   7.1995766e-06
   2.7180000e+03   7.2412129e-06
   2.7200000e+03   7.2833036e-06
   2.7220000e+03   7.3258549e-06
   2.7240000e+03   7.3688731e-06
   2.7260000e+03   7.4123644e-06
   2.7280000e+03   7.4563354e-06
   2.7300000e+03   7.5007926e-06
   2.7320000e+03   7.5457427e-06
   2.7340000e+03   7.5911926e-06
   2.7360000e+03   7.6371491e-06
   2.7380000e+03   7.6836194e-06
   2.7400000e+03   7.7306107e-06
   2.7420000e+03   7.7781302e-06
   2.7440000e+03   7.8261854e-06
   2.7460000e+03   7.8747840e-06
   2.7480000e+03   7.9239336e-06
   2.7500000e+03   7.9736421e-06
   2.7520000e+03   8.0239175e-06
   2.7540000e+03   8.0747681e-06
   2.7560000e+03   8.1262020e-06
   2.7580000e+03   8.1782278e-06
   2.7600000e+03   8.2308542e-06
   2.7620000e+03   8.2840898e-06
   2.7640000e+03   8.3379436e-06
   2.7660000e+03   8.3924249e-06
   2.7680000e+03   8.4475428e-06
   2.7700000e+03   8.5033068e-06
   2.7720000e+03   8.5597266e-06
   2.7740000e+03   8.6168121e-06
   2.7760000e+03   8.6745731e-06
   2.7780000e+03   8.7330201e-06
   2.7800000e+03   8.7921634e-06
   2.7820000e+03   8.8520135e-06
   2.7840000e+03   8.9125814e-06
   2.7860000e+03   8.9738781e-06
   2.7880000e+03   9.0359148e-06
   2.7900000e+03   9.0987030e-06
   2.7920000e+03   9.1622544e-06
   2.7940000e+03   9.2265810e-06
   2.7960000e+03   9.2916949e-06
   2.7980000e+03   9.3576086e-06
   2.8000000e+03   9.4243347e-06
   2.8020000e+03   9.4918861e-06
   2.8040000e+03   9.5602761e-06
   2.8060000e+03   9.6295180e-06
   2.8080000e+03   9.6996257e-06
   2.8100000e+03   9.7706132e-06
   2.8120000e+03   9.8424947e-06
   2.8140000e+03   9.9152849e-06
   2.8160000e+03   9.9889986e-06
   2.8180000e+03   1.0063651e-05
   2.8200000e+03   1.0139258e-05
   2.8220000e+03   1.0215835e-05
   2.8240000e+03   1.0293398e-05
   2.8260000e+03   1.0371965e-05
   2.8280000e+03   1.0451551e-05
   2.8300000e+03   1.0532174e-05
   2.8320000e+03   1.0613852e-05
   2.8340000e+03   1.0696602e-05
   2.8360000e+03   1.0780444e-05
   2.8380000e+03   1.0865396e-05
   2.8400000e+03   1.0951476e-05
   2.8420000e+03   1.1038706e-05
   2.8440000e+03   1.1127104e-05
   2.8460000e+03   1.1216692e-05
   2.8480000e+03   1.1307490e-05
   2.8500000e+03   1.1399520e-05
   2.8520000e+03   1.1492804e-05
   2.8540000e+03   1.1587364e-05
   2.8560000e+03   1.1683223e-05
   2.8580000e+03   1.1780404e-05
   2.8600000e+03   1.1878932e-05
   2.8620000e+03   1.1978831e-05
   2.8640000e+03   1.2080126e-05
   2.8660000e+03   1.2182844e-05
   2.8680000e+03   1.2287009e-05
   2.8700000e+03   1.2392650e-05
   2.8720000e+03   1.2499793e-05
   2.8740000e+03   1.2608467e-05
   2.8760000e+03   1.2718701e-05
   2.8780000e+03   1.2830524e-05
   2.8800000e+03   1.2943967e-05
   2.8820000e+03   1.3059060e-05
   2.8840000e+03   1.3175836e-05
   2.8860000e+03   1.3294327e-05
   2.8880000e+03   1.3414566e-05
   2.8900000e+03   1.3536588e-05
   2.8920000e+03   1.3660427e-05
   2.8940000e+03   1.3786119e-05
   2.8960000e+03   1.3913702e-05
   2.8980000e+03   1.4043213e-05
   2.9000000e+03   1.4174690e-05
   2.9020000e+03   1.4308173e-05
   2.9040000e+03   1.4443703e-05
   2.9060000e+03   1.4581322e-05
   2.9080000e+03   1.4721072e-05
   2.9100000e+03   1.4862997e-05
   2.9120000e+03   1.5007143e-05
   2.9140000e+03   1.5153555e-05
   2.9160000e+03   1.5302282e-05
   2.9180000e+03   1.5453371e-05
   2.9200000e+03   1.5606872e-05
   2.9220000e+03   1.5762838e-05
   2.9240000e+03   1.5921321e-05
   2.9260000e+03   1.6082375e-05
   2.9280000e+03   1.6246055e-05
   2.9300000e+03   1.6412420e-05
   2.9320000e+03   1.6581527e-05
   2.9340000e+03   1.6753437e-05
   2.9360000e+03   1.6928212e-05
   2.9380000e+03   1.7105917e-05
   2.9400000e+03   1.7286616e-05
   2.9420000e+03   1.7470377e-05
   2.9440000e+03   1.7657270e-05
   2.9460000e+03   1.7847365e-05
   2.9480000e+03   1.8040738e-05
   2.9500000e+03   1.8237463e-05
   2.9520000e+03   1.8437618e-05
   2.9540000e+03   1.8641283e-05
   2.9560000e+03   1.8848541e-05
   2.9580000e+03   1.9059477e-05
   2.9600000e+03   1.9274179e-05
   2.9620000e+03   1.9492736e-05
   2.9640000e+03   1.9715242e-05
   2.9660000e+03   1.9941792e-05
   2.9680000e+03   2.0172486e-05
   2.9700000e+03   2.0407425e-05
   2.9720000e+03   2.0646714e-05
   2.9740000e+03   2.0890462e-05
   2.9760000e+03   2.1138780e-05
   2.9780000e+03   2.1391784e-05
   2.9800000e+03   2.1649592e-05
   2.9820000e+03   2.1912328e-05
   2.9840000e+03   2.2180118e-05
   2.9860000e+03   2.2453094e-05
   2.9880000e+03   2.2731391e-05
   2.9900000e+03   2.3015148e-05
   2.9920000e+03   2.3304511e-05
   2.9940000e+03   2.3599628e-05
   2.9960000e+03   2.3900655e-05
   2.9980000e+03   2.4207750e-05
   3.0000000e+03   2.4521079e-05
   3.0020000e+03   2.4840814e-05
   3.0040000e+03   2.5167131e-05
   3.0060000e+03   2.5500213e-05
   3.0080000e+03   2.5840250e-05
   3.0100000e+03   2.6187438e-05
   3.0120000e+03   2.6541982e-05
   3.0140000e+03   2.6904091e-05
   3.0160000e+03   2.7273986e-05
   3.0180000e+03   2.7651892e-05
   3.0200000e+03   2.8038044e-05
   3.0220000e+03   2.8432687e-05
   3.0240000e+03   2.8836074e-05
   3.0260000e+03   2.9248467e-05
   3.0280000e+03   2.9670140e-05
   3.0300000e+03   3.0101376e-05
   3.0320000e+03   3.0542470e-05
   3.0340000e+03   3.0993728e-05
   3.0360000e+03   3.1455468e-05
   3.0380000e+03   3.1928021e-05
   3.0400000e+03   3.2411731e-05
   3.0420000e+03   3.2906959e-05
   3.0440000e+03   3.3414075e-05
   3.0460000e+03   3.3933470e-05
   3.0480000e+03   3.4465549e-05
   3.0500000e+03   3.5010732e-05
   3.0520000e+03   3.5569462e-05
   3.0540000e+03   3.6142197e-05
   3.0560000e+03   3.6729415e-05
   3.0580000e+03   3.7331618e-05
   3.0600000e+03   3.7949328e-05
   3.0620000e+03   3.8583089e-05
   3.0640000e+03   3.9233474e-05
   3.0660000e+03   3.9901077e-05
   3.0680000e+03   4.0586524e-05
   3.0700000e+03   4.1290467e-05
   3.0720000e+03   4.2013590e-05
   3.0740000e+03   4.2756609e-05
   3.0760000e+03   4.3520276e-05
   3.0780000e+03   4.4305377e-05
   3.0800000e+03   4.5112740e-05
   3.0820000e+03   4.5943230e-05
   3.0840000e+03   4.6797759e-05
   3.0860000e+03   4.7677285e-05
   3.0880000e+03   4.8582813e-05
   3.0900000e+03   4.9515402e-05
   3.0920000e+03   5.0476168e-05
   3.0940000e+03   5.1466283e-05
   3.0960000e+03   5.2486987e-05
   3.0980000e+03   5.3539583e-05
   3.1000000e+03   5.4625450e-05
   3.1020000e+03   5.5746043e-05
   3.1040000e+03   5.6902898e-05
   3.1060000e+03   5.8097642e-05
   3.1080000e+03   5.9331997e-05
   3.1100000e+03   6.0607786e-05
   3.1120000e+03   6.1926941e-05
   3.1140000e+03   6.3291514e-05
   3.1160000e+03   6.4703768e-05
   3.1180000e+03   6.6167986e-05
   3.1200000e+03   6.7689247e-05
   3.1220000e+03   6.9260315e-05
   3.1240000e+03   7.0895150e-05
   3.1260000e+03   7.2585696e-05
   3.1280000e+03   7.4351289e-05
   3.1300000e+03   7.6176878e-05
   3.1320000e+03   7.8089756e-05
   3.1340000e+03   8.0071572e-05
   3.1360000e+03   8.2156138e-05
   3.1380000e+03   8.4414591e-05
   3.1400000e+03   8.6799769e-05
   3.1420000e+03   8.9259265e-05
   3.1440000e+03   9.1862259e-05
   3.1460000e+03   9.4709155e-05
   3.1480000e+03   9.7609655e-05
   3.1500000e+03   1.0104447e-04
   3.1520000e+03   1.0431470e-04
   3.1540000e+03   1.0863879e-04
   3.1560000e+03   1.1283082e-04
   3.1580000e+03   1.2077845e-04
   3.1600000e+03   1.2635369e-04
   3.1620000e+03   1.3604020e-04
   3.1640000e+03   1.4331142e-04
   3.1660000e+03   1.5770524e-04
   3.1680000e+03   1.6851755e-04
   3.1700000e+03   1.9021152e-04
   3.1720000e+03   2.0755200e-04
   3.1740000e+03   2.4006603e-04
   3.1760000e+03   2.7005768e-04
   3.1780000e+03   3.1788348e-04
   3.1800000e+03   3.7242810e-04
   3.1820000e+03   4.3931754e-04
   3.1840000e+03   5.3975650e-04
   3.1860000e+03   6.2930040e-04
   3.1880000e+03   8.0959262e-04
   3.1900000e+03   9.3106489e-04
   3.1920000e+03   1.2297413e-03
   3.1940000e+03   1.4161081e-03
   3.1960000e+03   1.8637163e-03
   3.1980000e+03   2.1882306e-03
   3.2000000e+03   2.7780064e-03
   3.2020000e+03   3.3788675e-03
   3.2040000e+03   4.1080828e-03
   3.2060000e+03   5.1378218e-03
   3.2080000e+03   6.0248907e-03
   3.2100000e+03   7.5954681e-03
   3.2120000e+03   8.6884461e-03
   3.2140000e+03   1.0833755e-02
   3.2160000e+03   1.2191821e-02
   3.2180000e+03   1.4909650e-02
   3.2200000e+03   1.6723769e-02
   3.2220000e+03   1.9814686e-02
   3.2240000e+03   2.2720518e-02
   3.2260000e+03   2.5554720e-02
   3.2280000e+03   3.0636000e-02
   3.2300000e+03   3.2805568e-02
   3.2320000e+03   4.0209406e-02
   3.2340000e+03   4.3441714e-02
   3.2360000e+03   5.0282670e-02
   3.2380000e+03   5.8641130e-02
   3.2400000e+03   6.2008110e-02
   3.2420000e+03   7.6049676e-02
   3.2440000e+03   7.8640258e-02
   3.2460000e+03   9.0009213e-02
   3.2480000e+03   1.0016605e-01
   3.2500000e+03   1.0156066e-01
   3.2520000e+03   1.1749018e-01
   3.2540000e+03   1.1583549e-01
   3.2560000e+03   1.2514949e-01
   3.2580000e+03   1.3692980e-01
   3.2600000e+03   1.3976215e-01
   3.2620000e+03   1.6301386e-01
   3.2640000e+03   1.7398759e-01
   3.2660000e+03   1.8919420e-01
   3.2680000e+03   2.1763945e-01
   3.2700000e+03   2.2568833e-01
   3.2720000e+03   2.5584785e-01
   3.2740000e+03   2.7197876e-01
   3.2760000e+03   2.7396046e-01
   3.2780000e+03   2.9903154e-01
   3.2800000e+03   3.0059626e-01
   3.2820000e+03   3.0358129e-01
   3.2840000e+03   3.1378138e-01
   3.2860000e+03   2.9711342e-01
   3.2880000e+03   2.8923589e-01
   3.2900000e+03   3.0287927e-01
   3.2920000e+03   3.2312416e-01
   3.2940000e+03   2.8377269e-01
   3.2960000e+03   2.5855251e-01
   3.2980000e+03   2.5230307e-01
   3.3000000e+03   2.4980794e-01
   3.3020000e+03   2.3198930e-01
   3.3040000e+03   2.0806073e-01
   3.3060000e+03   1.8683647e-01
   3.3080000e+03   1.5194747e-01
   3.3100000e+03   1.0653647e-01
   3.3120000e+03   8.9865056e-02
   3.3140000e+03   1.4449925e-01
   3.3160000e+03   1.8468695e-01
   3.3180000e+03   2.2004216e-01
   3.3200000e+03   2.4645108e-01
   3.3220000e+03   2.6153902e-01
   3.3240000e+03   2.7871326e-01
   3.3260000e+03   2.9679525e-01
   3.3280000e+03   3.0938143e-01
   3.3300000e+03   3.2313238e-01
   3.3320000e+03   3.4112977e-01
   3.3340000e+03   3.5353918e-01
   3.3360000e+03   3.5943810e-01
   3.3380000e+03   3.6548234e-01
   3.3400000e+03   3.6826675e-01
   3.3420000e+03   3.6098337e-01
   3.3440000e+03   3.4697838e-01
   3.3460000e+03   3.3140113e-01
   3.3480000e+03   3.1176724e-01
   3.3500000e+03   2.8673474e-01
   3.3520000e+03   2.6070661e-01
   3.3540000e+03   2.3642942e-01
   3.3560000e+03   2.1233186e-01
   3.3580000e+03   1.8761125e-01
   3.3600000e+03   1.6412073e-01
   3.3620000e+03   1.4316722e-01
   3.3640000e+03   1.2408891e-01
   3.3660000e+03   1.0611849e-01
   3.3680000e+03   8.9655323e-02
   3.3700000e+03   7.5674064e-02
   3.3720000e+03   6.3970637e-02
   3.3740000e+03   5.3820679e-02
   3.3760000e+03   4.4972171e-02
   3.3780000e+03   3.7475683e-02
   3.3800000e+03   3.1351773e-02
   3.3820000e+03   2.6349891e-02
   3.3840000e+03   2.2196763e-02
   3.3860000e+03   1.8656213e-02
   3.3880000e+03   1.5513418e-02
   3.3900000e+03   1.2667901e-02
   3.3920000e+03   1.0090525e-02
   3.3940000e+03   7.8098780e-03
   3.3960000e+03   5.8946951e-03
   3.3980000e+03   4.3759003e-03
   3.4000000e+03   3.2057389e-03
   3.4020000e+03   2.3149403e-03
   3.4040000e+03   1.6599183e-03
   3.4060000e+03   1.1950845e-03
   3.4080000e+03   8.7314711e-04
   3.4100000e+03   6.5486495e-04
   3.4120000e+03   5.0871444e-04
   3.4140000e+03   4.1176949e-04
   3.4160000e+03   3.4727709e-04
   3.4180000e+03   3.0374065e-04
   3.4200000e+03   2.7348694e-04
   3.4220000e+03   2.5159322e-04
   3.4240000e+03   2.3429658e-04
   3.4260000e+03   2.1968302e-04
   3.4280000e+03   2.0911333e-04
   3.4300000e+03   2.0032173e-04
   3.4320000e+03   1.9216309e-04
   3.4340000e+03   1.8452977e-04
   3.4360000e+03   1.7737424e-04
   3.4380000e+03   1.7065513e-04
   3.4400000e+03   1.6433584e-04
   3.4420000e+03   1.5838381e-04
   3.4440000e+03   1.5276992e-04
   3.4460000e+03   1.4746810e-04
   3.4480000e+03   1.4245487e-04
   3.4500000e+03   1.3770909e-04
   3.4520000e+03   1.3321164e-04
   3.4540000e+03   1.2894519e-04
   3.4560000e+03   1.2489404e-04
   3.4580000e+03   1.2104393e-04
   3.4600000e+03   1.1738189e-04
   3.4620000e+03   1.1389611e-04
   3.4640000e+03   1.1057588e-04
   3.4660000e+03   1.0741144e-04
   3.4680000e+03   1.0439398e-04
   3.4700000e+03   1.0151554e-04
   3.4720000e+03   9.8768990e-05
   3.4740000e+03   9.6148048e-05
   3.4760000e+03   9.3647275e-05
   3.4780000e+03   9.1262152e-05
   3.4800000e+03   8.8989205e-05
   3.4820000e+03   8.6826234e-05
   3.4840000e+03   8.4772717e-05
   3.4860000e+03   8.2830527e-05
   3.4880000e+03   8.1005316e-05
   3.4900000e+03   7.9309395e-05
   3.4920000e+03   7.7768795e-05
   3.4940000e+03   7.6447663e-05
   3.4960000e+03   7.5880382e-05
   3.4980000e+03   8.8542002e-05
   3.5000000e+03   1.6276499e-04
   3.5020000e+03   2.4214311e-04
   3.5040000e+03   4.7436021e-04
   3.5060000e+03   7.1029353e-04
   3.5080000e+03   9.8355680e-04
   3.5100000e+03   1.2038047e-03
   3.5120000e+03   1.3965511e-03
   3.5140000e+03   1.6304338e-03
   3.5160000e+03   1.7800528e-03
   3.5180000e+03   1.8853809e-03
   3.5200000e+03   2.0399718e-03
   3.5220000e+03   2.1026279e-03
   3.5240000e+03   2.1117713e-03
   3.5260000e+03   2.1793528e-03
   3.5280000e+03   2.1707909e-03
   3.5300000e+03   2.0902437e-03
   3.5320000e+03   2.0682580e-03
   3.5340000e+03   2.0095688e-03
   3.5360000e+03   1.8719637e-03
   3.5380000e+03   1.7759129e-03
   3.5400000e+03   1.6872054e-03
   3.5420000e+03   1.5368594e-03
   3.5440000e+03   1.3996707e-03
   3.5460000e+03   1.2955261e-03
   3.5480000e+03   1.1627926e-03
   3.5500000e+03   1.0225423e-03
   3.5520000e+03   9.1416040e-04
   3.5540000e+03   8.1138660e-04
   3.5560000e+03   6.9808483e-04
   3.5580000e+03   6.0050482e-04
   3.5600000e+03   5.2100966e-04
   3.5620000e+03   4.4482278e-04
   3.5640000e+03   3.7339924e-04
   3.5660000e+03   3.1379161e-04
   3.5680000e+03   2.6560067e-04
   3.5700000e+03   2.2233518e-04
   3.5720000e+03   1.8585975e-04
   3.5740000e+03   1.5888873e-04
   3.5760000e+03   1.3078607e-04
   3.5780000e+03   1.1032091e-04
   3.5800000e+03   9.3194215e-05
   3.5820000e+03   7.9606483e-05
   3.5840000e+03   6.9157837e-05
   3.5860000e+03   6.0284973e-05
   3.5880000e+03   5.3385447e-05
   3.5900000e+03   4.8216728e-05
   3.5920000e+03   4.3662123e-05
   3.5940000e+03   4.0155201e-05
   3.5960000e+03   3.7605501e-05
   3.5980000e+03   3.5108312e-05
   3.6000000e+03   3.1730811e-05
   3.6020000e+03   2.8568840e-05
   3.6040000e+03   2.7839007e-05
   3.6060000e+03   2.7429649e-05
   3.6080000e+03   2.7036633e-05
   3.6100000e+03   2.6653767e-05
   3.6120000e+03   2.6280296e-05
   3.6140000e+03   2.5915699e-05
   3.6160000e+03   2.5559554e-05
   3.6180000e+03   2.5211496e-05
   3.6200000e+03   2.4871201e-05
   3.6220000e+03   2.4538374e-05
   3.6240000e+03   2.4212745e-05
   3.6260000e+03   2.3894062e-05
   3.6280000e+03   2.3582092e-05
   3.6300000e+03   2.3276613e-05
   3.6320000e+03   2.2977419e-05
   3.6340000e+03   2.2684313e-05
   3.6360000e+03   2.2397111e-05
   3.6380000e+03   2.2115634e-05
   3.6400000e+03   2.1839716e-05
   3.6420000e+03   2.1569196e-05
   3.6440000e+03   2.1303920e-05
   3.6460000e+03   2.1043742e-05
   3.6480000e+03   2.0788522e-05
   3.6500000e+03   2.0538123e-05
   3.6520000e+03   2.0292418e-05
   3.6540000e+03   2.0051281e-05
   3.6560000e+03   1.9814593e-05
   3.6580000e+03   1.9582238e-05
   3.6600000e+03   1.9354105e-05
   3.6620000e+03   1.9130087e-05
   3.6640000e+03   1.8910081e-05
   3.6660000e+03   1.8693987e-05
   3.6680000e+03   1.8481708e-05
   3.6700000e+03   1.8273152e-05
   3.6720000e+03   1.8068227e-05
   3.6740000e+03   1.7866847e-05
   3.6760000e+03   1.7668928e-05
   3.6780000e+03   1.7474387e-05
   3.6800000e+03   1.7283147e-05
   3.6820000e+03   1.7095129e-05
   3.6840000e+03   1.6910259e-05
   3.6860000e+03   1.6728466e-05
   3.6880000e+03   1.6549680e-05
   3.6900000e+03   1.6373833e-05
   3.6920000e+03   1.6200858e-05
   3.6940000e+03   1.6030693e-05
   3.6960000e+03   1.5863274e-05
   3.6980000e+03   1.5698543e-05
   3.7000000e+03   1.5536439e-05
   3.7020000e+03   1.5376907e-05
   3.7040000e+03   1.5219890e-05
   3.7060000e+03   1.5065336e-05
   3.7080000e+03   1.4913192e-05
   3.7100000e+03   1.4763406e-05
   3.7120000e+03   1.4615930e-05
   3.7140000e+03   1.4470715e-05
   3.7160000e+03   1.4327715e-05
   3.7180000e+03   1.4186883e-05
   3.7200000e+03   1.4048175e-05
   3.7220000e+03   1.3911549e-05
   3.7240000e+03   1.3776961e-05
   3.7260000e+03   1.3644372e-05
   3.7280000e+03   1.3513740e-05
   3.7300000e+03   1.3385027e-05
   3.7320000e+03   1.3258194e-05
   3.7340000e+03   1.3133206e-05
   3.7360000e+03   1.3010025e-05
   3.7380000e+03   1.2888617e-05
   3.7400000e+03   1.2768946e-05
   3.7420000e+03   1.2650981e-05
   3.7440000e+03   1.2534687e-05
   3.7460000e+03   1.2420033e-05
   3.7480000e+03   1.2306988e-05
   3.7500000e+03   1.2195522e-05
   3.7520000e+03   1.2085604e-05
   3.7540000e+03   1.1977207e-05
   3.7560000e+03   1.1870301e-05
   3.7580000e+03   1.1764859e-05
   3.7600000e+03   1.1660854e-05
   3.7620000e+03   1.1558260e-05
   3.7640000e+03   1.1457051e-05
   3.7660000e+03   1.1357202e-05
   3.7680000e+03   1.1258688e-05
   3.7700000e+03   1.1161486e-05
   3.7720000e+03   1.1065571e-05
   3.7740000e+03   1.0970922e-05
   3.7760000e+03   1.0877515e-05
   3.7780000e+03   1.0785329e-05
   3.7800000e+03   1.0694342e-05
   3.7820000e+03   1.0604534e-05
   3.7840000e+03   1.0515883e-05
   3.7860000e+03   1.0428370e-05
   3.7880000e+03   1.0341976e-05
   3.7900000e+03   1.0256680e-05
   3.7920000e+03   1.0175744e-05
   3.7940000e+03   1.4811012e-05
   3.7960000e+03   1.0157465e-03
   3.7980000e+03   3.5340999e-02
   3.8000000e+03   2.9981649e-01
